Lumi   4.20845e-06 +0.993045 -0.993045  -0.0184651   0.0191777  -0.0185936   0.0193133 
PRW   7.85664e-07 +0.993115 -0.993115  0.00451724   0.00451722  0.00454926   0.00454921 
MUON_EFF_ISO_STAT   9.10421e-07 +0.993334 -0.993334  -0.00375174   0.00377998  -0.00377684   0.00380535 
MUON_EFF_ISO_SYS   1.65825e-06 +0.993282 -0.993282  -0.00434466   0.00438245  -0.00437355   0.00441225 
MUON_EFF_RECO_STAT   -1.97234e-08 +0.993347 -0.993347  -0.0005384   0.000539119  -0.000542008   0.000542743 
MUON_EFF_RECO_SYS   -1.03715e-05 +0.994383 -0.994383  -0.00981522   -0.00981545  -0.00987043   -0.00987058 
MUON_EFF_TTVA_STAT   -4.98812e-08 +0.993347 -0.993347  0.000395792   -0.000395449  0.000398461   -0.00039805 
MUON_EFF_TTVA_SYS   6.0751e-07 +0.993344 -0.993344  -0.00133625   0.00133997  -0.00134522   0.00134888 
MUON_EFF_TrigStatUncertainty   2.46317e-09 +0.993347 -0.993347  -7.8367e-09   4.28657e-09  3.23827e-08   4.04478e-09 
MUON_EFF_TrigSystUncertainty   5.13595e-06 +0.992305 -0.992305  -0.0259013   0.0273263  -0.0261002   0.0275411 
MUON_SCALE   -2.81805e-07 +0.993347 -0.993347  -3.22853e-05   3.24496e-05  -3.24817e-05   3.26122e-05 
MUON_CB   -7.91678e-07 +0.227188 -0.227188  0.00682916   -0.00663205  0.0313667   -0.0275166 
MUON_SAGITTA_DATASTAT   -3.96883e-08 +0.984629 -0.984629  -0.000337706   0.000338792  -0.000343062   0.000344071 
MUON_SAGITTA_PTEXTRA   -5.0128e-07 +0.992243 -0.992243  0.000460002   -0.000458363  0.000463588   -0.000461968 
MUON_SAGITTA_RESBIAS   9.54286e-07 +0.871178 -0.871178  0.00404482   -0.00398208  0.00464156   -0.00456672 
JET_BJES_Response   1.87158e-07 +0.993347 -0.993347  -8.58489e-05   8.5876e-05  -8.64569e-05   8.64464e-05 
JET_EffectiveNP_Detector1   7.16706e-08 +0.993331 -0.993331  4.7289e-05   -4.75027e-05  4.78532e-05   -4.77804e-05 
JET_EffectiveNP_Detector2   -1.18645e-07 +0.993346 -0.993346  8.14326e-06   -8.11002e-06  8.20884e-06   -8.11653e-06 
JET_EffectiveNP_Mixed1   2.10445e-06 +0.988383 -0.988383  0.000381529   -0.000380886  0.000386054   -0.000385482 
JET_EffectiveNP_Mixed2   -1.09711e-07 +0.993235 -0.993235  -3.00872e-07   1.01167e-07  -3.09308e-07   8.83119e-08 
JET_EffectiveNP_Mixed3   -1.45991e-07 +0.993347 -0.993347  2.60336e-05   -2.5922e-05  2.62683e-05   -2.60467e-05 
JET_EffectiveNP_Modelling1   7.95474e-07 +0.99239 -0.99239  0.000479648   -0.000478375  0.000483358   -0.000481982 
JET_EffectiveNP_Modelling2   5.30466e-07 +0.991741 -0.991741  -7.9726e-06   8.31138e-06  -8.02291e-06   8.58608e-06 
JET_EffectiveNP_Modelling3   -1.96133e-07 +0.993342 -0.993342  4.8841e-05   -4.8772e-05  4.92463e-05   -4.9066e-05 
JET_EffectiveNP_Modelling4   1.6064e-07 +0.993331 -0.993331  4.72809e-05   -4.70709e-05  4.74023e-05   -4.74208e-05 
JET_EffectiveNP_Statistical1   7.37655e-07 +0.993245 -0.993245  0.000179953   -0.000180133  0.000181135   -0.000181377 
JET_EffectiveNP_Statistical2   2.74368e-07 +0.993345 -0.993345  -3.35566e-05   3.36993e-05  -3.37787e-05   3.38775e-05 
JET_EffectiveNP_Statistical3   -2.68146e-07 +0.993294 -0.993294  -1.3391e-05   1.34262e-05  -1.34625e-05   1.3483e-05 
JET_EffectiveNP_Statistical4   -8.2792e-09 +0.993347 -0.993347  1.8751e-05   -1.86588e-05  1.88987e-05   -1.8795e-05 
JET_EffectiveNP_Statistical5   1.12765e-07 +0.993347 -0.993347  1.5081e-05   -1.49517e-05  1.51716e-05   -1.50532e-05 
JET_EffectiveNP_Statistical6   -9.65034e-08 +0.993344 -0.993344  2.76655e-05   -2.75802e-05  2.78737e-05   -2.77385e-05 
JET_EtaIntercalibration_Modelling   8.55369e-07 +0.993056 -0.993056  0.000133738   -0.000133915  0.000134698   -0.000134889 
JET_EtaIntercalibration_NonClosure_0p2_PreRec   1.55977e-05 +0.945679 -0.945679  0.0012048   -0.0012426  0.00127938   -0.00131392 
JET_EtaIntercalibration_TotalStat   -9.89732e-08 +0.993341 -0.993341  2.51501e-05   -2.51608e-05  2.53281e-05   -2.53353e-05 
JET_Flavor_Composition   -5.07602e-07 +0.991928 -0.991928  0.00153335   -0.00152977  0.00154584   -0.00154222 
JET_Flavor_Response   -5.49371e-07 +0.987235 -0.987235  -0.000964618   0.000965052  -0.000977033   0.000977613 
JET_InSitu_NonClosure_PreRec   -1.56453e-05 +0.95658 -0.95658  -0.00199926   0.00191583  -0.00208947   0.00200256 
JET_JER_DataVsMC_MC16   -6.40165e-07 +0.993292 -0.993292  -4.43256e-05   4.43438e-05  -4.45886e-05   4.46748e-05 
JET_JER_EffectiveNP_10   3.37355e-06 +0.992256 -0.992256  0.000699154   -0.000692684  0.000704538   -0.000698501 
JET_JER_EffectiveNP_11   -4.7578e-07 +0.993108 -0.993108  7.77466e-06   -7.08187e-06  7.78944e-06   -7.09009e-06 
JET_JER_EffectiveNP_12restTerm   -2.99702e-06 +0.992359 -0.992359  -0.000525824   0.000531564  -0.000529934   0.00053533 
JET_JERUnc_Noise_PreRec   2.77216e-06 +0.992786 -0.992786  0.000565092   -0.000562914  0.000569171   -0.00056697 
JET_JESUnc_Noise_PreRec   1.17964e-06 +0.992522 -0.992522  0.000348122   -0.000346828  0.000350731   -0.000349422 
JET_JESUnc_VertexingAlg_PreRec   9.52922e-08 +0.992817 -0.992817  0.000741519   -0.000739596  0.000746929   -0.000744923 
JET_NNJvtEfficiency   1.06708e-05 +0.992858 -0.992858  -0.0100694   0.0102799  -0.0101415   0.0103543 
JET_Pileup_OffsetMu   7.21831e-07 +0.992382 -0.992382  0.000583393   -0.000581796  0.000587878   -0.000586218 
JET_Pileup_OffsetNPV   -5.3115e-07 +0.992697 -0.992697  0.00167092   -0.00166505  0.00168341   -0.00167728 
JET_Pileup_PtTerm   -1.292e-07 +0.993069 -0.993069  -0.000102656   0.000102749  -0.0001034   0.00010348 
JET_Pileup_RhoTopology   1.63567e-07 +0.992156 -0.992156  0.00149642   -0.00149138  0.00150829   -0.00150317 
JET_SingleParticle_HighPt   3.61979e-07 +0.727084 -0.727084  -0.000189055   0.00029035  -0.000236966   0.000420987 
MUR_MUF_Wjets   0.000211163 +0.997065 -0.997065  -0.000679922   0.000416125  -0.000682072   0.000417049 
MUR_Wjets   0.000118469 +0.999987 -0.999987  0.00018317   -0.000120497  0.000183171   -0.00012039 
MUF_Wjets   1.3779e-05 +0.993412 -0.993412  3.33973e-05   -3.18427e-05  3.32379e-05   -3.20629e-05 
AlphaS_Wjets   -4.60876e-06 +0.991521 -0.991521  0.000231589   -0.000235567  0.000233767   -0.000237612 
PDF_Wjets   -9.34211e-06 +0.961418 -0.961418  -0.000995517   0.00101058  -0.00103673   0.00105 
MUR_MUF_Zjets   9.4582e-06 +1.01328 -1.01328  -6.98782e-05   0.000129274  -7.7298e-05   0.000127818 
MUR_Zjets   -3.14992e-05 +1.00304 -1.00304  -9.31148e-05   0.000111561  -9.25404e-05   0.000111152 
MUF_Zjets   -4.27704e-06 +0.993597 -0.993597  -4.97969e-06   5.00236e-06  -4.57175e-06   5.05293e-06 
AlphaS_Zjets   2.31384e-06 +0.993303 -0.993303  3.32257e-06   -3.49834e-06  3.36125e-06   -3.52945e-06 
PDF_Zjets   -1.11233e-06 +0.993078 -0.993078  -8.5937e-05   8.6128e-05  -8.65413e-05   8.66974e-05 
jj_overall   2.01084e-06 +0.993324 -0.993324  -1.31949e-05   1.33786e-05  -1.32943e-05   1.3562e-05 
gamma_stat_Signal_bin_0   -6.92307e-07 +0.947277 -0.947277  -0.000367817   0.000352018  -0.000389893   0.000371166 
gamma_stat_Signal_bin_1   -1.1968e-07 +0.960331 -0.960331  -0.000997956   0.0010071  -0.00103914   0.00104887 
gamma_stat_Signal_bin_2   1.58042e-08 +0.967439 -0.967439  -0.00180685   0.00183682  -0.00186719   0.00189918 
gamma_stat_Signal_bin_3   2.99697e-08 +0.971783 -0.971783  -0.00231508   0.00235261  -0.0023818   0.00242181 
gamma_stat_Signal_bin_4   2.066e-08 +0.96898 -0.96898  -0.00245206   0.00247798  -0.00253011   0.00255771 
gamma_stat_Signal_bin_5   7.23033e-09 +0.968185 -0.968185  -0.00234298   0.00236554  -0.00241943   0.00244347 
gamma_stat_Signal_bin_6   -2.20482e-09 +0.970306 -0.970306  -0.00205626   0.00208016  -0.00211877   0.00214421 
gamma_stat_Signal_bin_7   -6.74636e-09 +0.968618 -0.968618  -0.0019491   0.00197127  -0.0020119   0.00203574 
gamma_stat_Signal_bin_8   -9.55268e-09 +0.965815 -0.965815  -0.00183663   0.00185308  -0.00190108   0.00191874 
gamma_stat_Signal_bin_9   -6.00344e-09 +0.96345 -0.96345  -0.00179486   0.00180858  -0.0018627   0.00187743 
gamma_stat_Signal_bin_10   -3.87641e-09 +0.963932 -0.963932  -0.00164439   0.0016566  -0.00170576   0.00171873 
gamma_stat_Signal_bin_11   -1.65935e-09 +0.959959 -0.959959  -0.00164717   0.00166011  -0.00171569   0.00172965 
gamma_stat_Signal_bin_12   2.92399e-09 +0.95837 -0.95837  -0.00158334   0.00159617  -0.00165186   0.00166576 
gamma_stat_Signal_bin_13   8.18862e-09 +0.956638 -0.956638  -0.00163708   0.00165326  -0.00171088   0.00172856 
gamma_stat_Signal_bin_14   1.70607e-08 +0.958956 -0.958956  -0.00155812   0.00157688  -0.00162438   0.00164475 
gamma_stat_Signal_bin_15   2.05205e-08 +0.961021 -0.961021  -0.00137626   0.00139304  -0.00143173   0.00144987 
gamma_stat_Signal_bin_16   1.6668e-08 +0.963842 -0.963842  -0.0012315   0.00124543  -0.00127751   0.00129243 
gamma_stat_Signal_bin_17   2.24578e-08 +0.957162 -0.957162  -0.00125652   0.00127083  -0.0013123   0.00132815 
gamma_stat_Signal_bin_18   2.21224e-08 +0.956813 -0.956813  -0.00116344   0.00117593  -0.00121567   0.00122931 
gamma_stat_Signal_bin_19   2.35757e-08 +0.955057 -0.955057  -0.00109254   0.0011035  -0.00114369   0.00115572 
mu_Wjets   -0.00166501 +0.333617 -0.333617  0.00286872   -0.00646045  0   0 
mu_Zjets   0.134189 +0.437048 -0.437048  0.00183636   -0.00482565  0   0 
MET_SoftTrk_ResoPerp   -9.79819e-07 +0.993229 -0.993229  -5.95689e-05   5.9494e-05  -5.99884e-05   5.99022e-05 
MET_SoftTrk_ResoPara   -1.05847e-06 +0.993204 -0.993204  -6.57995e-05   6.57445e-05  -6.62285e-05   6.62109e-05 
MET_SoftTrk_Scale   -1.01867e-06 +0.993149 -0.993149  -7.7512e-05   7.71561e-05  -7.80646e-05   7.76232e-05 
gamma_stat_Wjets_CR_bin_0   5.34395e-09 +0.999609 -0.999609  7.21074e-05   -7.23947e-05  7.21702e-05   -7.24241e-05 
gamma_stat_Zjets_CR_bin_0   1.02591e-09 +0.999898 -0.999898  3.71305e-06   -3.58531e-06  3.72531e-06   -3.55419e-06 
