Lumi   1.43679e-06 +0.991834 -0.991834  -0.018373   0.01905  -0.0185213   0.0192103 
PRW   -1.54022e-06 +0.993607 -0.993607  0.00111844   0.00112091  0.00112857   0.00112793 
EL_EFF_Reco_TOTAL_1NPCOR_PLUS_UNCOR   1.32541e-06 +0.993339 -0.993339  -0.0042591   0.00429574  -0.00428699   0.00432462 
EL_EFF_ID_TOTAL_1NPCOR_PLUS_UNCOR   1.6096e-06 +0.992912 -0.992912  -0.0199734   0.0207911  -0.0201091   0.0209398 
EL_EFF_Iso_TOTAL_1NPCOR_PLUS_UNCOR   9.85595e-07 +0.991478 -0.991478  -0.077659   0.0920036  -0.0782997   0.0928309 
EL_EFF_Trigger_TOTAL_1NPCOR_PLUS_UNCOR   -3.53055e-08 +0.99334 -0.99334  -0.00235645   0.00236885  -0.0023717   0.00238518 
EG_RESOLUTION_ALL   1.62315e-07 +0.993345 -0.993345  6.74656e-07   5.0348e-07  -1.11005e-06   1.09803e-06 
EG_SCALE_ALL   1.13639e-06 +0.992584 -0.992584  0.000141993   -0.000144639  0.000144028   -0.00014558 
JET_BJES_Response   -5.44526e-07 +0.993124 -0.993124  -4.21682e-05   4.35012e-05  -4.13596e-05   4.46944e-05 
JET_EffectiveNP_Detector1   2.5478e-07 +0.99326 -0.99326  -3.5979e-05   3.67885e-05  -3.60979e-05   3.62929e-05 
JET_EffectiveNP_Detector2   -4.87761e-07 +0.993348 -0.993348  -2.10833e-06   3.70456e-06  -1.23318e-06   1.8693e-06 
JET_EffectiveNP_Mixed1   -1.16792e-06 +0.993332 -0.993332  6.01813e-06   -6.88172e-06  5.62893e-06   -7.0858e-06 
JET_EffectiveNP_Mixed2   1.28132e-06 +0.993229 -0.993229  8.39857e-05   -8.0569e-05  8.36313e-05   -8.26128e-05 
JET_EffectiveNP_Mixed3   -7.60897e-07 +0.993347 -0.993347  -8.36008e-06   8.73874e-06  -6.88928e-06   8.85627e-06 
JET_EffectiveNP_Modelling1   -2.41769e-06 +0.992961 -0.992961  -0.000107614   0.000105164  -0.000109418   0.000105383 
JET_EffectiveNP_Modelling2   -3.89787e-06 +0.977203 -0.977203  -0.00026088   0.000262193  -0.000266403   0.000269335 
JET_EffectiveNP_Modelling3   -8.0231e-07 +0.993345 -0.993345  2.77624e-05   -2.61351e-05  2.78134e-05   -2.65296e-05 
JET_EffectiveNP_Modelling4   -3.29125e-07 +0.993347 -0.993347  -6.34674e-06   6.12669e-06  -5.54278e-06   7.99496e-06 
JET_EffectiveNP_Statistical1   -2.13212e-06 +0.986471 -0.986471  -0.00016059   0.000160679  -0.000164353   0.000163395 
JET_EffectiveNP_Statistical2   3.48606e-07 +0.993345 -0.993345  -2.1067e-05   2.17118e-05  -2.02534e-05   2.24073e-05 
JET_EffectiveNP_Statistical3   4.72346e-07 +0.992859 -0.992859  6.85542e-06   -7.52147e-06  6.90263e-06   -6.88476e-06 
JET_EffectiveNP_Statistical4   9.16841e-07 +0.993346 -0.993346  5.09213e-06   -3.03461e-06  6.01538e-06   -4.77528e-06 
JET_EffectiveNP_Statistical5   -2.89946e-07 +0.993345 -0.993345  1.08933e-05   -9.48294e-06  1.15761e-05   -9.37024e-06 
JET_EffectiveNP_Statistical6   -1.00019e-06 +0.993193 -0.993193  -2.28538e-05   2.37263e-05  -2.34544e-05   2.47405e-05 
JET_EtaIntercalibration_Modelling   -2.61518e-06 +0.986166 -0.986166  -0.000137395   0.00013637  -0.000138394   0.000138429 
JET_EtaIntercalibration_NonClosure_0p2_PreRec   -6.95966e-06 +0.87197 -0.87197  -0.00094413   0.000975833  -0.00108641   0.00111479 
JET_EtaIntercalibration_TotalStat   1.14128e-06 +0.993344 -0.993344  -2.97216e-06   5.3986e-06  -3.21243e-06   4.40093e-06 
JET_Flavor_Composition   -3.90868e-06 +0.991401 -0.991401  -0.000243844   0.000249019  -0.00024776   0.00025084 
JET_Flavor_Response   1.30514e-07 +0.968961 -0.968961  -3.56962e-05   3.78017e-05  -3.62092e-05   3.81685e-05 
JET_InSitu_NonClosure_PreRec   5.96828e-07 +0.993131 -0.993131  0.000332741   -0.000293666  0.000335256   -0.000292959 
JET_JER_DataVsMC_MC16   9.5206e-07 +0.993338 -0.993338  -7.07074e-05   7.13982e-05  -7.03435e-05   7.11827e-05 
JET_JER_EffectiveNP_10   1.17028e-06 +0.99272 -0.99272  -7.08315e-05   7.18577e-05  -7.18833e-05   7.20055e-05 
JET_JER_EffectiveNP_11   -5.38732e-07 +0.993292 -0.993292  -4.29075e-05   4.50664e-05  -4.29326e-05   4.47819e-05 
JET_JER_EffectiveNP_12restTerm   4.55393e-08 +0.992284 -0.992284  -2.39395e-05   2.27713e-05  -2.47887e-05   2.32655e-05 
JET_JERUnc_Noise_PreRec   8.02579e-07 +0.993322 -0.993322  5.21114e-05   -5.22012e-05  5.26658e-05   -5.05063e-05 
JET_JESUnc_Noise_PreRec   -9.45381e-07 +0.992441 -0.992441  -0.000131067   0.000127014  -0.000133973   0.000128155 
JET_JESUnc_VertexingAlg_PreRec   -3.0604e-07 +0.993299 -0.993299  -4.50761e-05   4.50294e-05  -4.46803e-05   4.58425e-05 
JET_NNJvtEfficiency   8.81426e-06 +0.993087 -0.993087  -0.0102573   0.0104431  -0.0103269   0.0105162 
JET_Pileup_OffsetMu   -1.30861e-06 +0.993051 -0.993051  -8.08881e-05   2.06677e-05  -8.23444e-05   2.21368e-05 
JET_Pileup_OffsetNPV   -3.48984e-06 +0.991203 -0.991203  -0.0003522   0.000353795  -0.000354069   0.000357278 
JET_Pileup_PtTerm   -6.62358e-06 +0.983379 -0.983379  -0.000447778   0.000452644  -0.00045506   0.000460418 
JET_Pileup_RhoTopology   -2.61382e-06 +0.987763 -0.987763  -0.000211432   0.000210112  -0.000211849   0.000212854 
JET_SingleParticle_HighPt   4.96566e-07 +0.993341 -0.993341  2.30653e-06   -1.18145e-06  1.66035e-06   -6.74246e-07 
MUR_MUF_Wjets   0.000146586 +0.964937 -0.964937  -0.00137108   0.000911583  -0.00141566   0.000944664 
MUR_Wjets   0.000105768 +0.983924 -0.983924  -0.000798537   0.000575928  -0.000810633   0.000588337 
MUF_Wjets   1.30501e-05 +0.993217 -0.993217  -7.75526e-05   6.10233e-05  -7.8305e-05   6.44383e-05 
AlphaS_Wjets   -5.84061e-06 +0.993263 -0.993263  5.53824e-05   -6.02624e-05  5.52575e-05   -6.09061e-05 
PDF_Wjets   -8.36671e-07 +0.98958 -0.98958  0.000393149   -0.000384815  0.000397715   -0.000389868 
MUR_MUF_Zjets   -3.649e-05 +1.00685 -1.00685  0.000118758   -6.10385e-05  0.00012305   -7.91405e-05 
MUR_Zjets   3.05849e-05 +0.999253 -0.999253  0.000202345   -0.000145932  0.000206482   -0.000145819 
MUF_Zjets   -9.5749e-08 +0.993489 -0.993489  -1.64986e-05   1.02857e-05  -7.59878e-06   1.06727e-05 
AlphaS_Zjets   1.44287e-06 +0.993308 -0.993308  -2.47277e-05   2.30877e-05  -2.41575e-05   2.61121e-05 
PDF_Zjets   -8.35418e-07 +0.993211 -0.993211  7.59191e-05   -7.48332e-05  7.54849e-05   -7.52638e-05 
fakes_stat   -9.99265e-06 +0.89143 -0.89143  0.00165384   -0.00228925  0.00183655   -0.00257635 
fakes_syst   -1.33145e-05 +0.784924 -0.784924  0.00261054   -0.00355825  0.00324053   -0.0046388 
gamma_stat_Signal_bin_0   -1.12647e-07 +0.979232 -0.979232  0.000940537   -0.000998929  0.00095933   -0.00102247 
gamma_stat_Signal_bin_1   7.0779e-08 +0.958358 -0.958358  -0.000789542   0.000790553  -0.000820663   0.000826311 
gamma_stat_Signal_bin_2   3.87642e-08 +0.968308 -0.968308  -0.00240212   0.00242397  -0.00248033   0.00250385 
gamma_stat_Signal_bin_3   -1.08473e-08 +0.99387 -0.99387  -0.00495682   0.00500525  -0.00498739   0.00503536 
mu_Wjets   -0.00955098 +0.31215 -0.31215  0.00888364   -0.0175192  0   0 
mu_Zjets   0.127622 +0.433863 -0.433863  0.00718807   -0.0181098  0   0 
MET_SoftTrk_ResoPerp   -2.65542e-07 +0.99328 -0.99328  5.29513e-05   -5.15028e-05  5.30274e-05   -5.10605e-05 
MET_SoftTrk_ResoPara   -4.12934e-07 +0.993284 -0.993284  5.08849e-05   -4.93415e-05  5.17434e-05   -5.05618e-05 
MET_SoftTrk_Scale   2.10955e-07 +0.993289 -0.993289  4.9703e-05   -4.95029e-05  4.92639e-05   -4.82405e-05 
gamma_stat_Wjets_CR_bin_0   3.29375e-09 +0.999768 -0.999768  -4.667e-05   4.80677e-05  -4.59696e-05   4.79042e-05 
gamma_stat_Zjets_CR_bin_0   -8.50408e-11 +0.999904 -0.999904  -3.56296e-06   3.96374e-06  -4.87731e-06   3.76267e-06 
