NUISANCE_PARAMETERS
SigXsecOverSM  1 +0.10006 -0.0847951
AlphaS_Wjets  -5.84061e-06 +0.993263 -0.993263
AlphaS_Zjets  1.44287e-06 +0.993308 -0.993308
EG_RESOLUTION_ALL  1.62315e-07 +0.993345 -0.993345
EG_SCALE_ALL  1.13639e-06 +0.992584 -0.992584
EL_EFF_ID_TOTAL_1NPCOR_PLUS_UNCOR  1.6096e-06 +0.992912 -0.992912
EL_EFF_Iso_TOTAL_1NPCOR_PLUS_UNCOR  9.85595e-07 +0.991478 -0.991478
EL_EFF_Reco_TOTAL_1NPCOR_PLUS_UNCOR  1.32541e-06 +0.993339 -0.993339
EL_EFF_Trigger_TOTAL_1NPCOR_PLUS_UNCOR  -3.53055e-08 +0.99334 -0.99334
JET_BJES_Response  -5.44526e-07 +0.993124 -0.993124
JET_EffectiveNP_Detector1  2.5478e-07 +0.99326 -0.99326
JET_EffectiveNP_Detector2  -4.87761e-07 +0.993348 -0.993348
JET_EffectiveNP_Mixed1  -1.16792e-06 +0.993332 -0.993332
JET_EffectiveNP_Mixed2  1.28132e-06 +0.993229 -0.993229
JET_EffectiveNP_Mixed3  -7.60897e-07 +0.993347 -0.993347
JET_EffectiveNP_Modelling1  -2.41769e-06 +0.992961 -0.992961
JET_EffectiveNP_Modelling2  -3.89787e-06 +0.977203 -0.977203
JET_EffectiveNP_Modelling3  -8.0231e-07 +0.993345 -0.993345
JET_EffectiveNP_Modelling4  -3.29125e-07 +0.993347 -0.993347
JET_EffectiveNP_Statistical1  -2.13212e-06 +0.986471 -0.986471
JET_EffectiveNP_Statistical2  3.48606e-07 +0.993345 -0.993345
JET_EffectiveNP_Statistical3  4.72346e-07 +0.992859 -0.992859
JET_EffectiveNP_Statistical4  9.16841e-07 +0.993346 -0.993346
JET_EffectiveNP_Statistical5  -2.89946e-07 +0.993345 -0.993345
JET_EffectiveNP_Statistical6  -1.00019e-06 +0.993193 -0.993193
JET_EtaIntercalibration_Modelling  -2.61518e-06 +0.986166 -0.986166
JET_EtaIntercalibration_NonClosure_0p2_PreRec  -6.95966e-06 +0.87197 -0.87197
JET_EtaIntercalibration_TotalStat  1.14128e-06 +0.993344 -0.993344
JET_Flavor_Composition  -3.90868e-06 +0.991401 -0.991401
JET_Flavor_Response  1.30514e-07 +0.968961 -0.968961
JET_InSitu_NonClosure_PreRec  5.96828e-07 +0.993131 -0.993131
JET_JERUnc_Noise_PreRec  8.02579e-07 +0.993322 -0.993322
JET_JER_DataVsMC_MC16  9.5206e-07 +0.993338 -0.993338
JET_JER_EffectiveNP_10  1.17028e-06 +0.99272 -0.99272
JET_JER_EffectiveNP_11  -5.38732e-07 +0.993292 -0.993292
JET_JER_EffectiveNP_12restTerm  4.55393e-08 +0.992284 -0.992284
JET_JESUnc_Noise_PreRec  -9.45381e-07 +0.992441 -0.992441
JET_JESUnc_VertexingAlg_PreRec  -3.0604e-07 +0.993299 -0.993299
JET_NNJvtEfficiency  8.81426e-06 +0.993087 -0.993087
JET_Pileup_OffsetMu  -1.30861e-06 +0.993051 -0.993051
JET_Pileup_OffsetNPV  -3.48984e-06 +0.991203 -0.991203
JET_Pileup_PtTerm  -6.62358e-06 +0.983379 -0.983379
JET_Pileup_RhoTopology  -2.61382e-06 +0.987763 -0.987763
JET_SingleParticle_HighPt  4.96566e-07 +0.993341 -0.993341
Lumi  1.43679e-06 +0.991834 -0.991834
MET_SoftTrk_ResoPara  -4.12934e-07 +0.993284 -0.993284
MET_SoftTrk_ResoPerp  -2.65542e-07 +0.99328 -0.99328
MET_SoftTrk_Scale  2.10955e-07 +0.993289 -0.993289
MUF_Wjets  1.30501e-05 +0.993217 -0.993217
MUF_Zjets  -9.5749e-08 +0.993489 -0.993489
MUR_MUF_Wjets  0.000146586 +0.964937 -0.964937
MUR_MUF_Zjets  -3.649e-05 +1.00685 -1.00685
MUR_Wjets  0.000105768 +0.983924 -0.983924
MUR_Zjets  3.05849e-05 +0.999253 -0.999253
PDF_Wjets  -8.36671e-07 +0.98958 -0.98958
PDF_Zjets  -8.35418e-07 +0.993211 -0.993211
PRW  -1.54022e-06 +0.993607 -0.993607
fakes_stat  -9.99265e-06 +0.89143 -0.89143
fakes_syst  -1.33145e-05 +0.784924 -0.784924
gamma_stat_Signal_bin_0  1 +0.0276875 -0.0276875
gamma_stat_Signal_bin_1  1 +0.0285906 -0.0285906
gamma_stat_Signal_bin_2  1 +0.0130901 -0.0130901
gamma_stat_Signal_bin_3  1 +0.00608009 -0.00608009
gamma_stat_Wjets_CR_bin_0  1 +0.00361799 -0.00361799
gamma_stat_Zjets_CR_bin_0  1 +0.00220604 -0.00220604
mu_Wjets  0.990449 +0.31215 -0.31215
mu_Zjets  1.12762 +0.433863 -0.433863


CORRELATION_MATRIX
67   67
0.124961   0.134283   -3.81711e-05   -0.000524642   -0.0542815   -0.0262592   -0.00857499   0.010543   0.0336073   0.0213088   0.000108775   0.000828174   0.00429757   0.00169049   -0.00724686   0.000912796   -0.0125401   -0.000195312   -0.000838645   0.000532432   0.000584306   0.000548421   -0.204972   -1.03207e-05   -0.00231449   -0.00491896   -0.0038751   -0.000847098   -0.113177   -0.000502003   -0.0013935   -0.000246866   -0.000479756   -0.000772084   -0.000780231   0.000587068   0.00383685   -0.000478814   -0.00275834   -2.90064e-05   -0.0105363   -0.0014911   -0.000250418   0.000106724   4.93896e-05   8.18722e-05   -0.000230659   -0.00178934   -6.78359e-05   0.000295669   -0.00286779   -0.00116257   -7.51282e-05   0.000903321   6.7764e-05   -1.3747e-05   -0.000385706   -0.000467817   -0.0259193   -0.0468684   -0.924417   -0.223231   0.00158431   -7.3271e-08   -0.000235619   0.000577275   1   
-0.000607258   -0.0325117   1.05495e-05   0.000146519   -3.10491e-05   0.000101261   0.000305332   -0.00262087   -0.0100294   -0.00635946   1.83479e-06   -0.000214824   -0.00115171   -0.00057565   0.00163434   -0.000244396   0.00292773   3.72298e-05   0.000192057   -0.000146924   -0.000158537   -0.000152346   -0.000638399   8.12724e-07   0.000195756   0.000454177   0.00038406   0.000219633   0.000203791   0.000127649   0.000205488   -0.000129971   0.000141015   0.000162076   -4.92502e-05   -0.00010683   -0.000595606   -0.000706335   0.000353873   2.67352e-05   0.000650899   7.93178e-05   -1.70389e-06   -8.25075e-06   -2.71659e-05   -0.000133079   -9.35244e-06   3.39472e-05   2.07277e-05   -3.21503e-05   1.39836e-06   0.00021216   3.75669e-06   -0.000207952   -8.07066e-06   6.86394e-06   3.21868e-05   -3.02062e-06   -3.45288e-05   3.90033e-05   -0.000590256   0.00027471   -0.000512428   -1.74027e-05   6.92918e-05   1   0.000577275   
-0.0382137   -0.00172864   -4.02549e-06   -5.65545e-05   1.53047e-05   -2.41851e-05   -0.000184174   0.0010578   0.00400274   0.00253787   2.56801e-06   8.69674e-05   0.000462124   0.000267295   -0.000729315   5.95771e-05   -0.0012697   -1.27974e-05   -7.87596e-05   5.82192e-05   6.46038e-05   6.36201e-05   0.000270414   1.44616e-05   -6.23879e-05   -0.000162979   -0.000142597   -8.1581e-05   -8.22113e-05   -4.60974e-05   -7.73904e-05   6.24587e-05   -5.22555e-05   -7.22928e-05   2.42737e-05   4.11124e-05   0.000193508   0.000300175   -0.000124824   -9.95258e-06   -0.000189127   -9.95163e-06   3.52987e-06   4.87646e-06   1.40352e-05   5.87605e-05   8.08465e-06   2.96678e-07   -6.34324e-06   1.81344e-05   2.0096e-05   -8.07418e-05   -2.66061e-06   8.66046e-05   3.80769e-06   -4.4295e-06   -9.92854e-06   1.03992e-06   1.94955e-05   -2.04932e-05   0.000227128   -0.000101813   0.000206914   8.855e-06   1   6.92918e-05   -0.000235619   
-0.000151526   -0.000717538   1.66282e-06   1.32884e-05   -3.83139e-07   2.46502e-05   -2.52163e-05   -0.000258125   -0.00102876   -0.000652317   7.79152e-08   -1.85874e-05   -0.000113176   -1.02194e-05   0.000221602   -5.45485e-05   0.000365676   1.33312e-05   2.20467e-05   -1.34179e-05   -1.39642e-05   -1.34883e-05   -6.31283e-05   2.99318e-06   3.0087e-05   5.53587e-05   4.03304e-05   2.07168e-05   1.20767e-05   1.49708e-05   2.10362e-05   -4.02853e-06   1.52094e-05   1.23525e-05   3.23848e-07   -7.26634e-06   -3.19492e-05   -4.91584e-05   3.91595e-05   4.85948e-06   0.000107202   1.51228e-05   7.43303e-07   1.71369e-06   -1.71711e-06   -1.06203e-05   -3.41351e-08   1.42363e-05   3.87657e-06   -7.13046e-07   1.4763e-05   2.17841e-05   9.46169e-07   -2.07875e-05   -2.36892e-06   1.14341e-06   4.71073e-06   2.43917e-06   -3.05227e-06   -3.08968e-08   -7.33291e-05   2.72592e-05   -5.12266e-05   1   8.855e-06   -1.74027e-05   -7.3271e-08   
-0.0230881   0.00777141   3.25788e-05   0.0004183   -7.45151e-05   0.000257999   0.000926693   -0.00789442   -0.0302067   -0.019153   6.1683e-06   -0.000652081   -0.00345384   -0.00154134   0.00612611   -0.000692961   0.0102919   0.000112461   0.000690161   -0.000426125   -0.000455764   -0.000438523   -0.0020434   -1.29876e-05   0.000549814   0.00128935   0.00108141   0.000610028   0.000503194   0.000366742   0.000566695   -0.000391414   0.000415914   0.00049188   -0.000142445   -0.000284329   -0.00137362   -0.00198382   0.000977472   6.69054e-05   0.00161713   0.000192098   -2.14216e-06   -2.78616e-05   -7.14877e-05   -0.000382304   -2.32194e-05   9.29805e-05   5.35763e-05   -8.70533e-05   -2.28091e-05   0.000593542   -2.07996e-06   -0.000603977   -8.72317e-05   2.09549e-05   0.000101309   -6.55505e-06   -0.000123162   9.59658e-05   -0.00190546   0.000672376   1   -5.12266e-05   0.000206914   -0.000512428   0.00158431   
-0.0942092   -0.0981387   -1.87518e-05   -0.000192019   6.44548e-05   -7.17213e-05   -0.000697995   0.00351235   0.013222   0.00838361   -8.29187e-06   0.000300351   0.00153099   0.00115771   -0.00255131   0.000794323   -0.00428211   2.08629e-05   -0.000266202   0.000189658   0.000201085   0.000200785   0.000831294   2.80926e-05   -0.000178838   -0.000520033   -0.000430276   -0.000260697   -0.000336372   -0.000163218   -0.0002338   0.000206396   -0.0001771   -0.000249342   6.41566e-05   0.000134166   0.000645738   0.00101824   -0.000388007   -3.16763e-05   -0.000428296   -3.25688e-05   1.75742e-05   1.70664e-05   3.29091e-05   0.000186487   2.09148e-05   1.43502e-05   -7.04677e-06   3.61609e-05   9.5643e-05   -0.00024667   -6.64253e-07   0.000275217   3.78916e-05   -1.685e-05   -3.17702e-05   1.71411e-05   6.19029e-05   -6.90452e-05   0.000742447   1   0.000672376   2.72592e-05   -0.000101813   0.00027471   -0.223231   
-0.0937363   -0.0902181   3.72915e-05   0.000522147   0.000579811   -0.000514795   -0.000682348   -0.0095159   -0.0378091   -0.0239744   -9.06361e-06   -0.000796333   -0.00424463   -0.00181355   0.00698468   -0.00112829   0.0121682   0.000166809   0.000802495   -0.000530174   -0.000581735   -0.000547915   -0.00260343   5.68871e-06   0.00148902   0.00264113   0.00180663   0.000890316   0.000511225   0.000460118   0.001008   -0.000119274   0.000504355   0.000317069   -0.000190742   -0.00037179   -0.00188082   -0.000812314   0.00166779   6.81179e-05   0.00600215   0.00112465   0.000113034   -4.02703e-05   -9.47903e-05   -0.000253776   -3.22834e-05   0.0010054   5.72358e-05   -0.00010834   0.00135244   0.000901645   -1.42457e-05   -0.000743489   -9.84037e-05   2.03478e-05   0.000219271   0.000156023   -0.000130918   9.28564e-05   1   0.000742447   -0.00190546   -7.33291e-05   0.000227128   -0.000590256   -0.924417   
-0.0175953   -0.0209737   -3.09824e-06   -2.81224e-05   8.70767e-05   -0.000113609   -0.000295654   0.000523928   0.00182225   0.00115522   -3.67626e-06   4.11348e-05   0.000218902   0.000103297   -0.000449924   3.20321e-05   -0.000693013   -2.88874e-07   -4.80833e-05   2.60338e-05   2.69304e-05   2.9108e-05   0.000102662   4.63324e-07   6.19037e-05   4.39585e-05   -1.07576e-05   -2.64179e-05   -5.62741e-05   -2.6671e-05   -3.3903e-06   6.9819e-05   -2.66894e-05   -6.99713e-05   7.34203e-06   1.46656e-05   6.10372e-05   0.000326402   -8.2945e-06   -6.73758e-06   0.000351833   9.24766e-05   1.5096e-05   3.67948e-06   3.51156e-06   4.87848e-05   1.21138e-06   0.000101778   -4.02463e-06   3.34325e-06   0.000172045   -1.78875e-05   -2.51639e-06   3.74711e-05   1.67074e-06   -4.09663e-06   2.71951e-06   1.98157e-05   6.78286e-06   1   9.28564e-05   -6.90452e-05   9.59658e-05   -3.08968e-08   -2.04932e-05   3.90033e-05   -0.0468684   
-0.00186841   -0.0113175   2.84274e-06   3.43747e-05   -0.00015523   0.000263252   0.000326367   -0.000657566   -0.00231845   -0.00147016   -1.48556e-06   -4.99162e-05   -0.000278347   -0.000205965   0.000494082   -0.000167227   0.000802104   4.49605e-06   5.50716e-05   -3.28457e-05   -3.52824e-05   -3.3425e-05   -0.000147609   4.74007e-06   -0.000108688   -0.000101365   1.65604e-06   2.63661e-05   4.19523e-05   3.31032e-05   -1.05862e-05   -9.92708e-05   3.654e-05   8.932e-05   -8.94883e-06   -2.19661e-05   -0.000130349   -0.000494054   -1.46351e-06   5.13491e-06   -0.000678246   -0.000159296   -2.6325e-05   7.76229e-07   -4.88128e-06   -7.80997e-05   -6.11254e-07   -0.000169074   3.39298e-06   -7.22803e-06   -0.000274238   1.72056e-05   5.78656e-07   -5.00768e-05   -2.24645e-06   2.70104e-06   -1.12615e-05   -3.39081e-05   1   6.78286e-06   -0.000130918   6.19029e-05   -0.000123162   -3.05227e-06   1.94955e-05   -3.45288e-05   -0.0259193   
0.000380228   0.00286522   -4.51266e-07   9.865e-07   -0.00209031   0.00335236   0.00366766   -0.000346473   0.00155808   0.000987569   1.58927e-06   -1.23238e-05   -1.4498e-05   -0.000165571   -5.41346e-05   -0.000117238   -3.05874e-05   -8.89575e-06   -3.16143e-06   -4.38413e-06   -4.05904e-06   -1.64911e-06   0.000144871   -1.49161e-07   -0.00224397   -0.00294471   -0.00127957   -0.000392958   1.79003e-05   9.47217e-07   -0.000845617   -0.000945067   -1.80158e-07   0.000695285   3.05251e-05   -2.7457e-06   -6.12857e-05   -0.00469366   -0.00119653   -1.9774e-06   -0.0114876   -0.00255588   -0.000375354   2.36118e-06   -6.64974e-07   -0.000635788   -7.26036e-07   -0.00250575   -1.33388e-06   -4.05841e-06   -0.00389244   -0.000479333   -1.85191e-06   -8.52424e-06   -3.52729e-06   -3.62825e-06   -0.000282614   1   -3.39081e-05   1.98157e-05   0.000156023   1.71411e-05   -6.55505e-06   2.43917e-06   1.03992e-06   -3.02062e-06   -0.000467817   
-0.000917478   -0.0038624   -2.18301e-06   -2.64595e-05   -0.00132621   0.00224627   0.00193615   0.000343001   0.0029011   0.00183931   2.35707e-06   3.61065e-05   0.000226542   6.10586e-05   -0.000482031   -7.7928e-05   -0.000705483   -1.09431e-05   -5.0735e-05   2.55531e-05   2.9061e-05   2.83377e-05   0.000220994   -1.44846e-06   -0.00142704   -0.00191487   -0.000858299   -0.000283658   -2.8629e-05   -2.2393e-05   -0.000564938   -0.000541386   -2.9577e-05   0.000382829   2.84423e-05   1.85006e-05   6.47758e-05   -0.00278225   -0.000809478   -5.47737e-06   -0.00726905   -0.00159708   -0.000233419   2.66096e-06   1.5192e-06   -0.000369803   1.35108e-06   -0.00156307   -3.24129e-06   4.14425e-06   -0.00241227   -0.000336832   1.06202e-06   3.72393e-05   2.97331e-06   -1.10355e-06   1   -0.000282614   -1.12615e-05   2.71951e-06   0.000219271   -3.17702e-05   0.000101309   4.71073e-06   -9.92854e-06   3.21868e-05   -0.000385706   
-0.000262014   -0.00122344   -6.20636e-07   -6.42765e-06   1.3889e-06   -4.28494e-06   -1.29635e-05   0.000107312   0.000411033   0.000260279   -2.6158e-06   7.77651e-06   4.55119e-05   -3.6541e-05   -0.000119542   -2.60721e-05   -0.000167414   -5.69889e-06   -1.32809e-05   4.23051e-06   3.1582e-06   5.87712e-06   2.61553e-05   6.23157e-06   -6.76273e-06   -1.61718e-05   -1.5638e-05   -9.54104e-06   -1.03959e-05   -1.48438e-06   -8.74049e-06   4.38796e-06   -4.11223e-06   -8.41422e-06   4.59476e-06   2.76211e-06   -4.85981e-06   2.27824e-05   -1.3394e-05   -6.1643e-07   -2.67286e-05   -8.2592e-07   4.30901e-07   3.31824e-06   -8.58069e-07   4.60974e-06   -5.81452e-07   -1.39104e-06   9.39107e-07   -3.72285e-07   5.43258e-07   -7.49002e-06   1.4395e-06   7.27521e-06   -1.3326e-06   1   -1.10355e-06   -3.62825e-06   2.70104e-06   -4.09663e-06   2.03478e-05   -1.685e-05   2.09549e-05   1.14341e-06   -4.4295e-06   6.86394e-06   -1.3747e-05   
-0.00690359   -0.0391009   1.29352e-06   2.50072e-05   -9.08955e-06   7.05767e-06   0.000100701   -0.000439969   -0.0016465   -0.00104412   -2.33509e-06   -3.37576e-05   -0.000193884   -0.000119674   0.00023924   -0.000179446   0.000524222   7.45888e-07   2.98875e-05   -2.35053e-05   -2.6853e-05   -2.69718e-05   -0.000117252   3.72751e-06   2.97944e-05   5.63809e-05   6.57342e-05   3.95022e-05   1.30634e-05   2.47336e-05   3.4641e-05   -2.96033e-05   2.75928e-05   3.09156e-05   -7.61569e-06   -2.06941e-05   -0.000117554   -0.000138092   6.79141e-05   2.41047e-06   6.84836e-05   6.36686e-06   -2.51685e-06   -2.76392e-06   -2.87177e-06   -2.74914e-05   -1.6936e-06   -4.37619e-06   2.95052e-06   -6.29555e-06   -1.52211e-05   3.46693e-05   1.02227e-06   -3.86023e-05   1   -1.3326e-06   2.97331e-06   -3.52729e-06   -2.24645e-06   1.67074e-06   -9.84037e-05   3.78916e-05   -8.72317e-05   -2.36892e-06   3.80769e-06   -8.07066e-06   6.7764e-05   
0.00364002   0.0188999   1.14781e-05   0.000164973   -3.22758e-05   9.47262e-05   0.000396078   -0.00310462   -0.0118553   -0.00751729   3.2151e-06   -0.000256805   -0.00135758   -0.000759415   0.00229937   -0.000429045   0.00399506   3.29275e-05   0.000265486   -0.000169194   -0.000179171   -0.00017374   -0.000788119   -3.40855e-06   0.000214347   0.000501566   0.000417197   0.000236246   0.000216977   0.000148235   0.000220747   -0.000157579   0.000161779   0.00019704   -5.66757e-05   -0.000116601   -0.000612288   -0.00080082   0.000376655   2.67695e-05   0.000609094   7.05635e-05   -9.48825e-07   -1.17886e-05   -2.94161e-05   -0.000153866   -1.03572e-05   3.07048e-05   1.96554e-05   -3.69377e-05   -1.79138e-05   0.000229843   -2.2282e-06   1   -3.86023e-05   7.27521e-06   3.72393e-05   -8.52424e-06   -5.00768e-05   3.74711e-05   -0.000743489   0.000275217   -0.000603977   -2.07875e-05   8.66046e-05   -0.000207952   0.000903321   
-0.00097265   -0.0076118   5.06175e-07   7.42557e-07   -9.09225e-07   8.21473e-07   3.68624e-06   -1.51272e-05   -5.67207e-05   -3.59742e-05   -2.90759e-07   8.2347e-07   -6.79114e-06   4.1364e-06   -7.74264e-06   2.5773e-05   4.77245e-05   8.16117e-06   -1.9376e-06   -1.90673e-06   -3.25983e-06   -1.44915e-06   4.09889e-06   3.60959e-06   3.55472e-06   7.12742e-06   6.01012e-06   3.77006e-06   -1.53083e-06   2.97408e-06   1.95892e-06   -1.33759e-06   2.81733e-06   2.63116e-06   5.9121e-07   -5.13959e-07   -1.81192e-06   -4.74654e-06   5.95978e-06   1.04614e-06   2.22551e-06   3.87281e-06   8.95952e-07   3.81991e-06   -1.80108e-07   -2.33664e-06   9.00073e-07   -6.24306e-07   7.67927e-07   -3.30204e-07   7.54233e-08   6.81828e-06   1   -2.2282e-06   1.02227e-06   1.4395e-06   1.06202e-06   -1.85191e-06   5.78656e-07   -2.51639e-06   -1.42457e-05   -6.64253e-07   -2.07996e-06   9.46169e-07   -2.66061e-06   3.75669e-06   -7.51282e-05   
-0.0099265   -0.0392203   -1.0848e-05   -0.000159547   -0.00239058   0.00432853   0.00245185   0.00278623   0.012944   0.0082067   7.4664e-06   0.000247567   0.00132964   0.000622358   -0.00236216   0.000264898   -0.00397346   -2.73253e-05   -0.0002687   0.000164073   0.000171982   0.000170934   0.000909625   6.21392e-06   -0.00263717   -0.00368798   -0.00176255   -0.000657079   -0.000195923   -0.000139105   -0.00113814   -0.000794765   -0.000159844   0.000507548   8.95626e-05   0.000108809   0.000488449   -0.00432548   -0.00167456   -2.54691e-05   -0.0131337   -0.00285462   -0.000400792   1.4883e-05   2.65846e-05   -0.000542709   1.58225e-05   -0.00277038   -1.7386e-05   3.29582e-05   -0.00420605   1   6.81828e-06   0.000229843   3.46693e-05   -7.49002e-06   -0.000336832   -0.000479333   1.72056e-05   -1.78875e-05   0.000901645   -0.00024667   0.000593542   2.17841e-05   -8.07418e-05   0.00021216   -0.00116257   
0.00215275   -0.000569619   4.39144e-06   3.9774e-06   -0.0190276   0.0337317   0.0249723   -0.00227179   0.0113804   0.0072153   5.59574e-05   -7.19537e-05   -2.30751e-05   -0.000203892   -1.07856e-05   -3.903e-05   -4.83002e-05   1.94917e-05   2.93247e-06   -2.49141e-06   -5.7711e-06   -3.93477e-06   0.000981163   5.0111e-07   -0.0194905   -0.0255841   -0.0109203   -0.00343099   0.000106262   -1.56373e-05   -0.00738962   -0.007753   -1.45748e-05   0.00570715   0.000269891   4.76466e-07   -0.000138798   -0.0407282   -0.0104815   7.74191e-08   -0.100118   -0.0222761   -0.00325425   1.69176e-06   -1.85535e-06   -0.0055075   3.65994e-06   -0.0218483   5.21332e-07   -1.40153e-06   1   -0.00420605   7.54233e-08   -1.79138e-05   -1.52211e-05   5.43258e-07   -0.00241227   -0.00389244   -0.000274238   0.000172045   0.00135244   9.5643e-05   -2.28091e-05   1.4763e-05   2.0096e-05   1.39836e-06   -0.00286779   
0.00108485   0.00136727   1.21958e-06   2.58909e-05   -5.27924e-06   1.45104e-05   5.73501e-05   -0.000457461   -0.00174724   -0.00110821   -5.79383e-08   -3.84635e-05   -0.000200051   -0.000143326   0.00034186   -0.00014468   0.000622682   2.07393e-06   4.54276e-05   -2.30056e-05   -2.52745e-05   -2.38145e-05   -0.000111927   5.45432e-06   3.23296e-05   7.48588e-05   6.19428e-05   3.34456e-05   2.72892e-05   2.45629e-05   3.03906e-05   -2.11629e-05   2.52086e-05   2.81327e-05   -6.41886e-06   -1.56118e-05   -8.49669e-05   -0.000117465   5.51277e-05   3.86516e-06   9.34967e-05   1.04334e-05   4.53123e-07   2.81317e-07   -3.56192e-06   -2.43393e-05   -2.32131e-06   6.94283e-06   4.04775e-06   1   -1.40153e-06   3.29582e-05   -3.30204e-07   -3.69377e-05   -6.29555e-06   -3.72285e-07   4.14425e-06   -4.05841e-06   -7.22803e-06   3.34325e-06   -0.00010834   3.61609e-05   -8.70533e-05   -7.13046e-07   1.81344e-05   -3.21503e-05   0.000295669   
-0.0012707   -0.00510033   -3.76349e-07   -1.44031e-05   2.03842e-06   -7.60915e-06   -3.18754e-05   0.000262923   0.00100495   0.000637424   1.06878e-06   2.37028e-05   0.000115143   1.99649e-05   -0.00023498   3.63329e-05   -0.000374278   5.71126e-06   -2.61969e-05   1.56323e-05   1.56532e-05   1.5328e-05   7.7324e-05   2.40753e-06   -1.53561e-05   -3.99781e-05   -3.20748e-05   -1.72508e-05   -1.55952e-05   -9.33381e-06   -1.71007e-05   1.4038e-05   -1.09506e-05   -1.64763e-05   7.94212e-06   9.48008e-06   3.11373e-05   6.69033e-05   -2.81127e-05   -2.05499e-06   -5.1529e-05   -3.52509e-06   1.40077e-06   3.55237e-06   2.2499e-06   1.1737e-05   3.31319e-06   -1.0698e-06   1   4.04775e-06   5.21332e-07   -1.7386e-05   7.67927e-07   1.96554e-05   2.95052e-06   9.39107e-07   -3.24129e-06   -1.33388e-06   3.39298e-06   -4.02463e-06   5.72358e-05   -7.04677e-06   5.35763e-05   3.87657e-06   -6.34324e-06   2.07277e-05   -6.78359e-05   
0.00110597   -0.00325929   -8.31173e-07   -2.54382e-05   -0.0124638   0.0225957   0.0149739   -0.000846878   0.00893656   0.00566612   3.75139e-05   -2.45649e-08   0.000218779   9.25573e-06   -0.00036978   2.4641e-05   -0.000605049   1.51181e-07   -4.24332e-05   2.90845e-05   3.07039e-05   3.06067e-05   0.000734169   -2.73945e-06   -0.0126576   -0.0166506   -0.00711814   -0.0022701   2.80229e-05   -3.4608e-05   -0.00483633   -0.00491732   -3.70861e-05   0.00360589   0.000187856   2.15731e-05   1.44521e-05   -0.0262509   -0.00686886   -5.09895e-06   -0.0650014   -0.0144524   -0.00210562   5.25505e-06   7.04393e-06   -0.00354607   4.22934e-06   1   -1.0698e-06   6.94283e-06   -0.0218483   -0.00277038   -6.24306e-07   3.07048e-05   -4.37619e-06   -1.39104e-06   -0.00156307   -0.00250575   -0.000169074   0.000101778   0.0010054   1.43502e-05   9.29805e-05   1.42363e-05   2.96678e-07   3.39472e-05   -0.00178934   
-9.75754e-05   -0.000253889   3.94302e-07   9.93786e-06   -1.58716e-06   6.83406e-06   9.88198e-06   -0.000140911   -0.00054334   -0.000345318   1.16558e-06   -1.01183e-05   -6.10896e-05   -8.70539e-05   0.000103635   5.80327e-06   0.000214816   3.20409e-06   1.39392e-05   -8.61053e-06   -6.70842e-06   -6.18147e-06   -2.99341e-05   4.12203e-06   1.437e-05   2.58565e-05   2.30608e-05   1.34801e-05   9.89708e-06   8.77623e-06   1.12219e-05   -4.24155e-06   1.03894e-05   9.27037e-06   1.49282e-07   -4.10912e-06   -2.31204e-05   -3.4153e-05   2.10275e-05   8.98236e-07   3.34123e-05   8.18662e-06   1.26087e-06   2.36078e-06   -1.92113e-06   -6.03035e-06   1   4.22934e-06   3.31319e-06   -2.32131e-06   3.65994e-06   1.58225e-05   9.00073e-07   -1.03572e-05   -1.6936e-06   -5.81452e-07   1.35108e-06   -7.26036e-07   -6.11254e-07   1.21138e-06   -3.22834e-05   2.09148e-05   -2.32194e-05   -3.41351e-08   8.08465e-06   -9.35244e-06   -0.000230659   
0.00314555   0.0181301   8.84256e-06   0.000105338   -0.00317481   0.00584218   0.00389207   -0.00227943   -0.0057434   -0.00364202   9.54343e-06   -0.000173249   -0.000854234   -0.000531897   0.00143381   -0.000312797   0.00248907   2.03308e-05   0.00016712   -0.000105672   -0.000113185   -0.000110577   -0.000346316   -5.86941e-06   -0.00304269   -0.00384905   -0.00150405   -0.000413812   0.000154665   9.0716e-05   -0.00107224   -0.0013334   9.8126e-05   0.00102948   9.97377e-06   -7.39314e-05   -0.000396655   -0.00714586   -0.00147247   1.71766e-05   -0.0159335   -0.0035898   -0.000531648   -6.15829e-06   -1.72332e-05   1   -6.03035e-06   -0.00354607   1.1737e-05   -2.43393e-05   -0.0055075   -0.000542709   -2.33664e-06   -0.000153866   -2.74914e-05   4.60974e-06   -0.000369803   -0.000635788   -7.80997e-05   4.87848e-05   -0.000253776   0.000186487   -0.000382304   -1.06203e-05   5.87605e-05   -0.000133079   8.18722e-05   
-0.000423598   0.00305533   1.17195e-06   2.05328e-05   -3.27952e-06   1.19797e-05   4.004e-05   -0.000366999   -0.00140553   -0.000891926   1.6892e-06   -3.00059e-05   -0.000162119   -0.000178586   0.000246036   -0.000121811   0.000454441   1.35929e-06   2.93468e-05   -2.05849e-05   -2.09926e-05   -2.04516e-05   -9.14108e-05   6.49745e-07   2.75572e-05   5.92287e-05   4.76791e-05   2.72541e-05   2.73495e-05   2.03391e-05   2.59385e-05   -1.57345e-05   2.09994e-05   2.08381e-05   -6.50861e-06   -1.29067e-05   -8.71623e-05   -9.80154e-05   4.31511e-05   3.24265e-06   7.75308e-05   8.10132e-06   4.94383e-07   1.4229e-06   1   -1.72332e-05   -1.92113e-06   7.04393e-06   2.2499e-06   -3.56192e-06   -1.85535e-06   2.65846e-05   -1.80108e-07   -2.94161e-05   -2.87177e-06   -8.58069e-07   1.5192e-06   -6.64974e-07   -4.88128e-06   3.51156e-06   -9.47903e-05   3.29091e-05   -7.14877e-05   -1.71711e-06   1.40352e-05   -2.71659e-05   4.93896e-05   
-3.31304e-05   0.00137644   1.06846e-06   9.17561e-06   -2.33217e-06   6.55426e-06   1.90809e-05   -0.000160296   -0.000612683   -0.000388495   3.01082e-06   -9.50981e-06   -6.95496e-05   6.49205e-06   0.000168314   -4.63754e-06   0.000301648   1.36424e-05   1.84723e-05   -6.53106e-06   -5.04025e-06   -4.6458e-06   -3.45731e-05   9.54376e-06   1.33402e-05   2.88713e-05   2.1863e-05   1.50156e-05   1.19618e-05   1.16944e-05   1.08764e-05   -3.88188e-06   1.09807e-05   1.47625e-05   2.71967e-06   -2.50847e-06   1.39238e-05   -3.43264e-05   1.9437e-05   3.47367e-06   3.48179e-05   9.6583e-06   4.13794e-06   1   1.4229e-06   -6.15829e-06   2.36078e-06   5.25505e-06   3.55237e-06   2.81317e-07   1.69176e-06   1.4883e-05   3.81991e-06   -1.17886e-05   -2.76392e-06   3.31824e-06   2.66096e-06   2.36118e-06   7.76229e-07   3.67948e-06   -4.02703e-05   1.70664e-05   -2.78616e-05   1.71369e-06   4.87646e-06   -8.25075e-06   0.000106724   
-0.000135177   0.00021242   6.25536e-07   1.91025e-06   -0.00183429   0.00324726   0.00241865   -0.000227784   0.0010716   0.000679096   6.5082e-06   -7.97031e-06   -3.34926e-06   -7.44052e-05   -2.29748e-05   -7.79262e-05   7.79483e-06   -7.7265e-08   -3.44374e-06   3.64666e-07   -1.73498e-06   -5.00642e-07   0.000103711   1.62764e-06   -0.00187598   -0.00246661   -0.00105347   -0.000331403   1.78939e-05   1.98577e-06   -0.000713751   -0.000747322   -8.62149e-08   0.000554098   2.84552e-05   1.28686e-07   -3.4834e-05   -0.00393413   -0.00100363   4.34781e-07   -0.00965186   -0.0021433   1   4.13794e-06   4.94383e-07   -0.000531648   1.26087e-06   -0.00210562   1.40077e-06   4.53123e-07   -0.00325425   -0.000400792   8.95952e-07   -9.48825e-07   -2.51685e-06   4.30901e-07   -0.000233419   -0.000375354   -2.6325e-05   1.5096e-05   0.000113034   1.75742e-05   -2.14216e-06   7.43303e-07   3.52987e-06   -1.70389e-06   -0.000250418   
-0.00975186   -0.0306665   -2.80858e-06   -4.83514e-05   -0.0127079   0.0230393   0.0151938   -0.000391431   0.0109049   0.00691316   4.03574e-05   4.21419e-05   0.000427449   0.000195268   -0.000663566   0.000211975   -0.0012063   -3.31655e-06   -7.81968e-05   5.93132e-05   5.48042e-05   5.73188e-05   0.000874661   2.70704e-07   -0.01293   -0.017055   -0.00731145   -0.00233865   -7.6074e-06   -6.05033e-05   -0.00496055   -0.00498851   -5.7779e-05   0.0036462   0.000200753   4.03179e-05   0.000127346   -0.0266512   -0.00704299   -8.93785e-06   -0.0663671   1   -0.0021433   9.6583e-06   8.10132e-06   -0.0035898   8.18662e-06   -0.0144524   -3.52509e-06   1.04334e-05   -0.0222761   -0.00285462   3.87281e-06   7.05635e-05   6.36686e-06   -8.2592e-07   -0.00159708   -0.00255588   -0.000159296   9.24766e-05   0.00112465   -3.25688e-05   0.000192098   1.51228e-05   -9.95163e-06   7.93178e-05   -0.0014911   
-0.0608249   -0.241543   -2.13444e-05   -0.000463164   -0.0569212   0.102599   0.0690315   0.00226006   0.0652744   0.0413893   0.000161608   0.000531346   0.00370899   0.00169761   -0.00649927   0.000670876   -0.0110004   -3.71213e-05   -0.00074404   0.000450845   0.000481692   0.000482808   0.00502042   3.11086e-05   -0.0584287   -0.0773562   -0.0334386   -0.0108345   -0.000466792   -0.000435354   -0.0225896   -0.0223273   -0.000491062   0.0161798   0.000960511   0.000289031   0.00108427   -0.118762   -0.0321863   -8.24187e-05   1   -0.0663671   -0.00965186   3.48179e-05   7.75308e-05   -0.0159335   3.34123e-05   -0.0650014   -5.1529e-05   9.34967e-05   -0.100118   -0.0131337   2.22551e-06   0.000609094   6.84836e-05   -2.67286e-05   -0.00726905   -0.0114876   -0.000678246   0.000351833   0.00600215   -0.000428296   0.00161713   0.000107202   -0.000189127   0.000650899   -0.0105363   
-0.00123597   -0.00626243   -7.38876e-07   -1.92754e-05   3.24315e-06   -1.37544e-05   -3.61029e-05   0.000354325   0.00136008   0.000862087   -1.26175e-06   3.23412e-05   0.000156621   5.08303e-05   -0.000295906   8.69953e-05   -0.000464888   -6.40857e-07   -3.13496e-05   1.74284e-05   1.89429e-05   1.90276e-05   8.99772e-05   9.46946e-06   -2.28873e-05   -5.66656e-05   -4.90393e-05   -2.76517e-05   -2.56281e-05   -1.40955e-05   -2.55349e-05   1.7728e-05   -1.58929e-05   -2.28831e-05   9.33181e-06   1.27541e-05   5.74304e-05   8.24106e-05   -4.26027e-05   1   -8.24187e-05   -8.93785e-06   4.34781e-07   3.47367e-06   3.24265e-06   1.71766e-05   8.98236e-07   -5.09895e-06   -2.05499e-06   3.86516e-06   7.74191e-08   -2.54691e-05   1.04614e-06   2.67695e-05   2.41047e-06   -6.1643e-07   -5.47737e-06   -1.9774e-06   5.13491e-06   -6.73758e-06   6.81179e-05   -3.16763e-05   6.69054e-05   4.85948e-06   -9.95258e-06   2.67352e-05   -2.90064e-05   
-0.0147884   -0.0656345   -2.18157e-05   -0.000262196   -0.00595655   0.0107512   0.00657839   0.00438355   0.0225839   0.0143195   1.50562e-05   0.000400464   0.00219714   0.000970223   -0.00397288   0.000479411   -0.00656987   -5.42253e-05   -0.000453515   0.000270846   0.000286659   0.000280353   0.00160691   1.14871e-05   -0.00640894   -0.00876654   -0.00405392   -0.0014462   -0.000294864   -0.000231797   -0.00266354   -0.00211789   -0.000269093   0.00142847   0.000179726   0.000177583   0.000778216   -0.0114342   1   -4.26027e-05   -0.0321863   -0.00704299   -0.00100363   1.9437e-05   4.31511e-05   -0.00147247   2.10275e-05   -0.00686886   -2.81127e-05   5.51277e-05   -0.0104815   -0.00167456   5.95978e-06   0.000376655   6.79141e-05   -1.3394e-05   -0.000809478   -0.00119653   -1.46351e-06   -8.2945e-06   0.00166779   -0.000388007   0.000977472   3.91595e-05   -0.000124824   0.000353873   -0.00275834   
0.0295465   0.112613   4.36388e-05   0.000544796   -0.0232388   0.0420207   0.0298187   -0.0126739   -0.0253539   -0.0160776   7.54533e-05   -0.000924262   -0.00442318   -0.0025072   0.00766355   -0.00129392   0.0130521   0.000117081   0.000883591   -0.000554151   -0.00058522   -0.000569916   -0.00143955   -2.3647e-05   -0.0228138   -0.0292028   -0.0117783   -0.00337921   0.000832071   0.000451635   -0.0082104   -0.00974526   0.000502671   0.00744018   0.000143028   -0.000374942   -0.0021087   1   -0.0114342   8.24106e-05   -0.118762   -0.0266512   -0.00393413   -3.43264e-05   -9.80154e-05   -0.00714586   -3.4153e-05   -0.0262509   6.69033e-05   -0.000117465   -0.0407282   -0.00432548   -4.74654e-06   -0.00080082   -0.000138092   2.27824e-05   -0.00278225   -0.00469366   -0.000494054   0.000326402   -0.000812314   0.00101824   -0.00198382   -4.91584e-05   0.000300175   -0.000706335   -0.000478814   
0.0640921   0.327553   1.86453e-05   0.000398015   -8.4616e-05   8.69781e-05   0.00128275   -0.0071564   -0.0270269   -0.0171415   -2.04024e-05   -0.000610472   -0.00313455   -0.00317327   0.00434617   -0.00234935   0.00789778   -1.99367e-05   0.00049227   -0.000425414   -0.000438428   -0.00042107   -0.00170464   -1.26588e-05   0.000419022   0.00111034   0.000873237   0.000492249   0.000719204   0.000356906   0.000460257   -0.000411417   0.000340752   0.000485608   -0.00011197   -0.000302262   1   -0.0021087   0.000778216   5.74304e-05   0.00108427   0.000127346   -3.4834e-05   1.39238e-05   -8.71623e-05   -0.000396655   -2.31204e-05   1.44521e-05   3.11373e-05   -8.49669e-05   -0.000138798   0.000488449   -1.81192e-06   -0.000612288   -0.000117554   -4.85981e-06   6.47758e-05   -6.12857e-05   -0.000130349   6.10372e-05   -0.00188082   0.000645738   -0.00137362   -3.19492e-05   0.000193508   -0.000595606   0.00383685   
0.00082467   0.0217114   5.12996e-06   8.0297e-05   -1.00548e-05   4.01872e-05   0.000168983   -0.00147072   -0.00562971   -0.00357008   -2.03713e-06   -0.000122634   -0.000643814   -0.000453945   0.00112356   -0.000288514   0.00188987   1.53456e-05   0.000128547   -7.87853e-05   -8.30192e-05   -8.24383e-05   -0.000375087   3.44613e-06   0.000104255   0.000247255   0.000196609   0.00011182   9.8554e-05   7.33991e-05   0.000103886   -6.82133e-05   7.52166e-05   8.99159e-05   -2.40385e-05   1   -0.000302262   -0.000374942   0.000177583   1.27541e-05   0.000289031   4.03179e-05   1.28686e-07   -2.50847e-06   -1.29067e-05   -7.39314e-05   -4.10912e-06   2.15731e-05   9.48008e-06   -1.56118e-05   4.76466e-07   0.000108809   -5.13959e-07   -0.000116601   -2.06941e-05   2.76211e-06   1.85006e-05   -2.7457e-06   -2.19661e-05   1.46656e-05   -0.00037179   0.000134166   -0.000284329   -7.26634e-06   4.11124e-05   -0.00010683   0.000587068   
0.00101717   0.00876312   4.35447e-06   4.14111e-05   0.000143693   -0.000235854   -0.000129769   -0.00072436   -0.00294354   -0.00186673   1.17899e-06   -5.75389e-05   -0.000322778   -0.000157772   0.000642163   -5.36473e-05   0.00107979   2.1699e-05   7.39939e-05   -4.01713e-05   -4.08639e-05   -3.6268e-05   -0.000193062   3.98771e-06   0.000210519   0.000330144   0.000186022   8.65934e-05   4.49581e-05   4.13288e-05   0.000111205   2.93348e-05   4.01815e-05   2.86011e-06   1   -2.40385e-05   -0.00011197   0.000143028   0.000179726   9.33181e-06   0.000960511   0.000200753   2.84552e-05   2.71967e-06   -6.50861e-06   9.97377e-06   1.49282e-07   0.000187856   7.94212e-06   -6.41886e-06   0.000269891   8.95626e-05   5.9121e-07   -5.66757e-05   -7.61569e-06   4.59476e-06   2.84423e-05   3.05251e-05   -8.94883e-06   7.34203e-06   -0.000190742   6.41566e-05   -0.000142445   3.23848e-07   2.42737e-05   -4.92502e-05   -0.000780231   
0.000497454   -0.00604638   -1.07484e-05   -0.000133681   0.00279962   -0.00351597   -0.00782072   0.00314556   0.00625008   0.00396304   -1.34121e-07   0.000227458   0.00109653   0.000475746   -0.00194369   0.000221217   -0.00324119   -3.23778e-05   -0.000214335   0.000135707   0.000144311   0.000141163   0.000359464   1.16239e-05   0.00311523   0.00391027   0.00158748   0.000374671   -0.00019884   -0.000111237   0.00103984   0.00165275   -0.000125378   1   2.86011e-06   8.99159e-05   0.000485608   0.00744018   0.00142847   -2.28831e-05   0.0161798   0.0036462   0.000554098   1.47625e-05   2.08381e-05   0.00102948   9.27037e-06   0.00360589   -1.64763e-05   2.81327e-05   0.00570715   0.000507548   2.63116e-06   0.00019704   3.09156e-05   -8.41422e-06   0.000382829   0.000695285   8.932e-05   -6.99713e-05   0.000317069   -0.000249342   0.00049188   1.23525e-05   -7.22928e-05   0.000162076   -0.000772084   
0.00220207   -0.00138654   -8.40013e-06   -0.000111203   1.45354e-05   -8.4865e-05   -0.000177001   0.0021197   0.00816622   0.00517759   -4.23679e-08   0.000177807   0.000931317   0.000397724   -0.00167474   0.000196422   -0.00279916   -1.58662e-05   -0.000189525   0.000114407   0.000121519   0.000119221   0.000556387   8.12231e-06   -0.000154883   -0.00035778   -0.000295572   -0.000162331   -0.000135284   -9.4645e-05   -0.000155375   0.00010047   1   -0.000125378   4.01815e-05   7.52166e-05   0.000340752   0.000502671   -0.000269093   -1.58929e-05   -0.000491062   -5.7779e-05   -8.62149e-08   1.09807e-05   2.09994e-05   9.8126e-05   1.03894e-05   -3.70861e-05   -1.09506e-05   2.52086e-05   -1.45748e-05   -0.000159844   2.81733e-06   0.000161779   2.75928e-05   -4.11223e-06   -2.9577e-05   -1.80158e-07   3.654e-05   -2.66894e-05   0.000504355   -0.0001771   0.000415914   1.52094e-05   -5.22555e-05   0.000141015   -0.000479756   
-0.000668977   0.00525626   1.02469e-05   0.000105814   -0.00379391   0.00475327   0.0104198   -0.0028561   -0.00309436   -0.00196232   1.58154e-06   -0.000189931   -0.000868786   -0.000485914   0.00156437   -0.000183458   0.00266177   3.53851e-05   0.000178717   -0.000106958   -0.00011348   -0.000109302   -0.000125453   1.80861e-06   -0.0043235   -0.00554774   -0.00234895   -0.00061776   0.000164136   9.15744e-05   -0.0015225   1   0.00010047   0.00165275   2.93348e-05   -6.82133e-05   -0.000411417   -0.00974526   -0.00211789   1.7728e-05   -0.0223273   -0.00498851   -0.000747322   -3.88188e-06   -1.57345e-05   -0.0013334   -4.24155e-06   -0.00491732   1.4038e-05   -2.11629e-05   -0.007753   -0.000794765   -1.33759e-06   -0.000157579   -2.96033e-05   4.38796e-06   -0.000541386   -0.000945067   -9.92708e-05   6.9819e-05   -0.000119274   0.000206396   -0.000391414   -4.02853e-06   6.24587e-05   -0.000129971   -0.000246866   
-0.00751911   -0.028184   -1.23219e-05   -0.000156986   -0.00421705   0.00766614   0.00460495   0.00249058   0.0135518   0.00859235   1.31088e-05   0.000230374   0.00128225   0.000569103   -0.00232256   0.00032335   -0.00391779   -3.54466e-05   -0.000260709   0.000157967   0.000166108   0.000164458   0.00096764   7.1564e-06   -0.00447572   -0.00608428   -0.00277041   -0.00097544   -0.000175819   -0.000139477   1   -0.0015225   -0.000155375   0.00103984   0.000111205   0.000103886   0.000460257   -0.0082104   -0.00266354   -2.55349e-05   -0.0225896   -0.00496055   -0.000713751   1.08764e-05   2.59385e-05   -0.00107224   1.12219e-05   -0.00483633   -1.71007e-05   3.03906e-05   -0.00738962   -0.00113814   1.95892e-06   0.000220747   3.4641e-05   -8.74049e-06   -0.000564938   -0.000845617   -1.05862e-05   -3.3903e-06   0.001008   -0.0002338   0.000566695   2.10362e-05   -7.73904e-05   0.000205488   -0.0013935   
-0.0127108   -0.0136276   -7.69936e-06   -9.90145e-05   2.19423e-06   -2.74195e-05   -0.000218541   0.00188271   0.00720832   0.00456996   1.52013e-07   0.00015871   0.000826683   0.000448416   -0.00140888   0.000276313   -0.00241667   -1.52399e-06   -0.000156064   0.000102267   0.000112332   0.000109515   0.000485743   1.30804e-05   -0.000142294   -0.000320096   -0.000261063   -0.000142787   -0.000125809   1   -0.000139477   9.15744e-05   -9.4645e-05   -0.000111237   4.13288e-05   7.33991e-05   0.000356906   0.000451635   -0.000231797   -1.40955e-05   -0.000435354   -6.05033e-05   1.98577e-06   1.16944e-05   2.03391e-05   9.0716e-05   8.77623e-06   -3.4608e-05   -9.33381e-06   2.45629e-05   -1.56373e-05   -0.000139105   2.97408e-06   0.000148235   2.47336e-05   -1.48438e-06   -2.2393e-05   9.47217e-07   3.31032e-05   -2.6671e-05   0.000460118   -0.000163218   0.000366742   1.49708e-05   -4.60974e-05   0.000127649   -0.000502003   
-0.0462764   -0.0888536   -1.16534e-05   -0.000150926   5.25032e-05   -1.43211e-05   -0.000653762   0.00264926   0.00987899   0.00626408   -1.43049e-06   0.000226398   0.00114352   0.000787611   -0.00150838   0.000661026   -0.00277422   1.17013e-05   -0.000168902   0.000152162   0.000166567   0.000157062   0.000577325   1.69186e-05   -0.000119822   -0.000383717   -0.000317519   -0.00020153   1   -0.000125809   -0.000175819   0.000164136   -0.000135284   -0.00019884   4.49581e-05   9.8554e-05   0.000719204   0.000832071   -0.000294864   -2.56281e-05   -0.000466792   -7.6074e-06   1.78939e-05   1.19618e-05   2.73495e-05   0.000154665   9.89708e-06   2.80229e-05   -1.55952e-05   2.72892e-05   0.000106262   -0.000195923   -1.53083e-06   0.000216977   1.30634e-05   -1.03959e-05   -2.8629e-05   1.79003e-05   4.19523e-05   -5.62741e-05   0.000511225   -0.000336372   0.000503194   1.20767e-05   -8.22113e-05   0.000203791   -0.113177   
-0.00561388   -0.0325166   -1.34142e-05   -0.00016266   -0.00194585   0.00350826   0.00193821   0.00292529   0.0130665   0.00828514   2.26295e-06   0.000256082   0.00136976   0.000658444   -0.00248791   0.000370593   -0.00417463   -2.59826e-05   -0.000284014   0.00016656   0.000182118   0.000178386   0.000908169   1.01194e-05   -0.00219925   -0.00311521   -0.00152299   1   -0.00020153   -0.000142787   -0.00097544   -0.00061776   -0.000162331   0.000374671   8.65934e-05   0.00011182   0.000492249   -0.00337921   -0.0014462   -2.76517e-05   -0.0108345   -0.00233865   -0.000331403   1.50156e-05   2.72541e-05   -0.000413812   1.34801e-05   -0.0022701   -1.72508e-05   3.34456e-05   -0.00343099   -0.000657079   3.77006e-06   0.000236246   3.95022e-05   -9.54104e-06   -0.000283658   -0.000392958   2.63661e-05   -2.64179e-05   0.000890316   -0.000260697   0.000610028   2.07168e-05   -8.1581e-05   0.000219633   -0.000847098   
-0.0105003   -0.0503968   -2.15522e-05   -0.000290422   -0.00588782   0.0095741   0.0091657   0.00468535   0.0256829   0.016284   7.45537e-06   0.000437021   0.00242121   0.0011194   -0.00442259   0.000437875   -0.00728391   -6.27023e-05   -0.000491619   0.000302474   0.000313795   0.000311937   0.00183806   1.53321e-05   -0.00668791   -0.00919559   1   -0.00152299   -0.000317519   -0.000261063   -0.00277041   -0.00234895   -0.000295572   0.00158748   0.000186022   0.000196609   0.000873237   -0.0117783   -0.00405392   -4.90393e-05   -0.0334386   -0.00731145   -0.00105347   2.1863e-05   4.76791e-05   -0.00150405   2.30608e-05   -0.00711814   -3.20748e-05   6.19428e-05   -0.0109203   -0.00176255   6.01012e-06   0.000417197   6.57342e-05   -1.5638e-05   -0.000858299   -0.00127957   1.65604e-06   -1.07576e-05   0.00180663   -0.000430276   0.00108141   4.03304e-05   -0.000142597   0.00038406   -0.0038751   
-0.0115674   -0.0604102   -2.52746e-05   -0.000351353   -0.014372   0.0253748   0.0181506   0.00497772   0.0342697   0.0217282   3.50873e-05   0.00050156   0.00291756   0.00128105   -0.00508023   0.000653031   -0.00860969   -6.61739e-05   -0.000571141   0.00036536   0.000389007   0.000380244   0.00247543   2.5559e-05   -0.0152443   1   -0.00919559   -0.00311521   -0.000383717   -0.000320096   -0.00608428   -0.00554774   -0.00035778   0.00391027   0.000330144   0.000247255   0.00111034   -0.0292028   -0.00876654   -5.66656e-05   -0.0773562   -0.017055   -0.00246661   2.88713e-05   5.92287e-05   -0.00384905   2.58565e-05   -0.0166506   -3.99781e-05   7.48588e-05   -0.0255841   -0.00368798   7.12742e-06   0.000501566   5.63809e-05   -1.61718e-05   -0.00191487   -0.00294471   -0.000101365   4.39585e-05   0.00264113   -0.000520033   0.00128935   5.53587e-05   -0.000162979   0.000454177   -0.00491896   
-0.00467572   -0.024126   -8.65699e-06   -0.000148401   -0.0109878   0.0194934   0.0139594   0.00157752   0.0175396   0.0111211   3.37743e-05   0.00020093   0.00125128   0.000545921   -0.00222273   0.000391391   -0.00368621   -2.07147e-05   -0.000244633   0.000158819   0.000165042   0.000159138   0.00132035   1.8364e-05   1   -0.0152443   -0.00668791   -0.00219925   -0.000119822   -0.000142294   -0.00447572   -0.0043235   -0.000154883   0.00311523   0.000210519   0.000104255   0.000419022   -0.0228138   -0.00640894   -2.28873e-05   -0.0584287   -0.01293   -0.00187598   1.33402e-05   2.75572e-05   -0.00304269   1.437e-05   -0.0126576   -1.53561e-05   3.23296e-05   -0.0194905   -0.00263717   3.55472e-06   0.000214347   2.97944e-05   -6.76273e-06   -0.00142704   -0.00224397   -0.000108688   6.19037e-05   0.00148902   -0.000178838   0.000549814   3.0087e-05   -6.23879e-05   0.000195756   -0.00231449   
-3.50207e-05   0.000141984   -1.27647e-07   7.50047e-06   -2.2892e-06   5.00799e-06   1.03799e-05   -6.86163e-05   -0.000260287   -0.00016504   2.43293e-06   2.36217e-07   -2.55279e-05   -2.09202e-05   8.63984e-05   -2.0348e-05   0.000170211   1.09795e-05   9.98585e-06   -2.92214e-06   7.06387e-07   1.34079e-06   -1.76074e-05   1   1.8364e-05   2.5559e-05   1.53321e-05   1.01194e-05   1.69186e-05   1.30804e-05   7.1564e-06   1.80861e-06   8.12231e-06   1.16239e-05   3.98771e-06   3.44613e-06   -1.26588e-05   -2.3647e-05   1.14871e-05   9.46946e-06   3.11086e-05   2.70704e-07   1.62764e-06   9.54376e-06   6.49745e-07   -5.86941e-06   4.12203e-06   -2.73945e-06   2.40753e-06   5.45432e-06   5.0111e-07   6.21392e-06   3.60959e-06   -3.40855e-06   3.72751e-06   6.23157e-06   -1.44846e-06   -1.49161e-07   4.74007e-06   4.63324e-07   5.68871e-06   2.80926e-05   -1.29876e-05   2.99318e-06   1.44616e-05   8.12724e-07   -1.03207e-05   
-0.051929   -0.0746344   4.23244e-05   0.000551153   0.00013756   0.00105567   -0.00203974   -0.0101669   -0.0414213   -0.026256   1.45855e-05   -0.000848896   -0.00456316   -0.00170082   0.00824829   -0.000588767   0.0138053   0.000154838   0.000943035   -0.000551868   -0.000595991   -0.000567481   1   -1.76074e-05   0.00132035   0.00247543   0.00183806   0.000908169   0.000577325   0.000485743   0.00096764   -0.000125453   0.000556387   0.000359464   -0.000193062   -0.000375087   -0.00170464   -0.00143955   0.00160691   8.99772e-05   0.00502042   0.000874661   0.000103711   -3.45731e-05   -9.14108e-05   -0.000346316   -2.99341e-05   0.000734169   7.7324e-05   -0.000111927   0.000981163   0.000909625   4.09889e-06   -0.000788119   -0.000117252   2.61553e-05   0.000220994   0.000144871   -0.000147609   0.000102662   -0.00260343   0.000831294   -0.0020434   -6.31283e-05   0.000270414   -0.000638399   -0.204972   
-0.000490873   0.0199603   9.24713e-06   0.000122543   -2.14857e-05   7.74199e-05   0.00025653   -0.00225828   -0.00864713   -0.00548297   5.55739e-07   -0.000187958   -0.000988412   -0.000468379   0.00168783   -0.000234384   0.00285775   2.71776e-05   0.000191741   -0.000122932   -0.000129205   1   -0.000567481   1.34079e-06   0.000159138   0.000380244   0.000311937   0.000178386   0.000157062   0.000109515   0.000164458   -0.000109302   0.000119221   0.000141163   -3.6268e-05   -8.24383e-05   -0.00042107   -0.000569916   0.000280353   1.90276e-05   0.000482808   5.73188e-05   -5.00642e-07   -4.6458e-06   -2.04516e-05   -0.000110577   -6.18147e-06   3.06067e-05   1.5328e-05   -2.38145e-05   -3.93477e-06   0.000170934   -1.44915e-06   -0.00017374   -2.69718e-05   5.87712e-06   2.83377e-05   -1.64911e-06   -3.3425e-05   2.9108e-05   -0.000547915   0.000200785   -0.000438523   -1.34883e-05   6.36201e-05   -0.000152346   0.000548421   
-0.000569348   0.0206948   9.54866e-06   0.00012476   -2.07347e-05   7.73476e-05   0.000263191   -0.00233268   -0.00893347   -0.00566453   1.21166e-06   -0.000193351   -0.00102027   -0.000520468   0.00176242   -0.000298544   0.00299918   2.47947e-05   0.000203366   -0.000127691   1   -0.000129205   -0.000595991   7.06387e-07   0.000165042   0.000389007   0.000313795   0.000182118   0.000166567   0.000112332   0.000166108   -0.00011348   0.000121519   0.000144311   -4.08639e-05   -8.30192e-05   -0.000438428   -0.00058522   0.000286659   1.89429e-05   0.000481692   5.48042e-05   -1.73498e-06   -5.04025e-06   -2.09926e-05   -0.000113185   -6.70842e-06   3.07039e-05   1.56532e-05   -2.52745e-05   -5.7711e-06   0.000171982   -3.25983e-06   -0.000179171   -2.6853e-05   3.1582e-06   2.9061e-05   -4.05904e-06   -3.52824e-05   2.69304e-05   -0.000581735   0.000201085   -0.000455764   -1.39642e-05   6.46038e-05   -0.000158537   0.000584306   
-0.000533725   0.0192089   8.92197e-06   0.00011599   -1.96604e-05   7.27953e-05   0.00024628   -0.00217973   -0.00834742   -0.00529293   9.52091e-07   -0.000180525   -0.000954947   -0.000454258   0.00159616   -0.000300196   0.00272864   2.48724e-05   0.000179641   1   -0.000127691   -0.000122932   -0.000551868   -2.92214e-06   0.000158819   0.00036536   0.000302474   0.00016656   0.000152162   0.000102267   0.000157967   -0.000106958   0.000114407   0.000135707   -4.01713e-05   -7.87853e-05   -0.000425414   -0.000554151   0.000270846   1.74284e-05   0.000450845   5.93132e-05   3.64666e-07   -6.53106e-06   -2.05849e-05   -0.000105672   -8.61053e-06   2.90845e-05   1.56323e-05   -2.30056e-05   -2.49141e-06   0.000164073   -1.90673e-06   -0.000169194   -2.35053e-05   4.23051e-06   2.55531e-05   -4.38413e-06   -3.28457e-05   2.60338e-05   -0.000530174   0.000189658   -0.000426125   -1.34179e-05   5.82192e-05   -0.000146924   0.000532432   
0.000290044   0.0625434   -1.38824e-05   -0.000181149   3.11661e-05   -0.000118963   -0.00039795   0.00350451   0.0134263   0.00851244   -7.07045e-06   0.000286496   0.00153645   0.000352706   -0.00210196   1.08719e-05   -0.00383204   -4.63152e-05   1   0.000179641   0.000203366   0.000191741   0.000943035   9.98585e-06   -0.000244633   -0.000571141   -0.000491619   -0.000284014   -0.000168902   -0.000156064   -0.000260709   0.000178717   -0.000189525   -0.000214335   7.39939e-05   0.000128547   0.00049227   0.000883591   -0.000453515   -3.13496e-05   -0.00074404   -7.81968e-05   -3.44374e-06   1.84723e-05   2.93468e-05   0.00016712   1.39392e-05   -4.24332e-05   -2.61969e-05   4.54276e-05   2.93247e-06   -0.0002687   -1.9376e-06   0.000265486   2.98875e-05   -1.32809e-05   -5.0735e-05   -3.16143e-06   5.50716e-05   -4.80833e-05   0.000802495   -0.000266202   0.000690161   2.20467e-05   -7.87596e-05   0.000192057   -0.000838645   
0.0858988   0.00039047   9.99302e-07   -2.20151e-05   4.20173e-06   -4.51194e-06   -9.61829e-05   0.000495608   0.0018692   0.001185   2.88171e-06   4.45082e-05   0.000217868   3.86963e-05   -0.00050858   5.96767e-05   -0.000661453   1   -4.63152e-05   2.48724e-05   2.47947e-05   2.71776e-05   0.000154838   1.09795e-05   -2.07147e-05   -6.61739e-05   -6.27023e-05   -2.59826e-05   1.17013e-05   -1.52399e-06   -3.54466e-05   3.53851e-05   -1.58662e-05   -3.23778e-05   2.1699e-05   1.53456e-05   -1.99367e-05   0.000117081   -5.42253e-05   -6.40857e-07   -3.71213e-05   -3.31655e-06   -7.7265e-08   1.36424e-05   1.35929e-06   2.03308e-05   3.20409e-06   1.51181e-07   5.71126e-06   2.07393e-06   1.94917e-05   -2.73253e-05   8.16117e-06   3.29275e-05   7.45888e-07   -5.69889e-06   -1.09431e-05   -8.89575e-06   4.49605e-06   -2.88874e-07   0.000166809   2.08629e-05   0.000112461   1.33312e-05   -1.27974e-05   3.72298e-05   -0.000195312   
0.0073013   0.673965   -0.000218914   -0.00269393   0.000471092   -0.00177491   -0.00592411   0.0521719   0.199869   0.126716   -4.2343e-05   0.0042924   0.0228799   0.0083649   -0.0327791   0.00199596   1   -0.000661453   -0.00383204   0.00272864   0.00299918   0.00285775   0.0138053   0.000170211   -0.00368621   -0.00860969   -0.00728391   -0.00417463   -0.00277422   -0.00241667   -0.00391779   0.00266177   -0.00279916   -0.00324119   0.00107979   0.00188987   0.00789778   0.0130521   -0.00656987   -0.000464888   -0.0110004   -0.0012063   7.79483e-06   0.000301648   0.000454441   0.00248907   0.000214816   -0.000605049   -0.000374278   0.000622682   -4.83002e-05   -0.00397346   4.77245e-05   0.00399506   0.000524222   -0.000167414   -0.000705483   -3.05874e-05   0.000802104   -0.000693013   0.0121682   -0.00428211   0.0102919   0.000365676   -0.0012697   0.00292773   -0.0125401   
0.796548   0.00975966   6.45861e-05   0.000194782   -6.56319e-05   8.76269e-05   0.000570524   -0.00372209   -0.0141367   -0.00896524   -5.31887e-05   -0.000341997   -0.00164691   -0.00278764   0.000930297   1   0.00199596   5.96767e-05   1.08719e-05   -0.000300196   -0.000298544   -0.000234384   -0.000588767   -2.0348e-05   0.000391391   0.000653031   0.000437875   0.000370593   0.000661026   0.000276313   0.00032335   -0.000183458   0.000196422   0.000221217   -5.36473e-05   -0.000288514   -0.00234935   -0.00129392   0.000479411   8.69953e-05   0.000670876   0.000211975   -7.79262e-05   -4.63754e-06   -0.000121811   -0.000312797   5.80327e-06   2.4641e-05   3.63329e-05   -0.00014468   -3.903e-05   0.000264898   2.5773e-05   -0.000429045   -0.000179446   -2.60721e-05   -7.7928e-05   -0.000117238   -0.000167227   3.20321e-05   -0.00112829   0.000794323   -0.000692961   -5.45485e-05   5.95771e-05   -0.000244396   0.000912796   
0.00365077   0.543657   -0.000114496   -0.00158908   0.00028091   -0.00105565   -0.00352211   0.0309871   0.118725   0.0752694   -5.25428e-05   0.00250894   0.0135734   0.00406699   1   0.000930297   -0.0327791   -0.00050858   -0.00210196   0.00159616   0.00176242   0.00168783   0.00824829   8.63984e-05   -0.00222273   -0.00508023   -0.00442259   -0.00248791   -0.00150838   -0.00140888   -0.00232256   0.00156437   -0.00167474   -0.00194369   0.000642163   0.00112356   0.00434617   0.00766355   -0.00397288   -0.000295906   -0.00649927   -0.000663566   -2.29748e-05   0.000168314   0.000246036   0.00143381   0.000103635   -0.00036978   -0.00023498   0.00034186   -1.07856e-05   -0.00236216   -7.74264e-06   0.00229937   0.00023924   -0.000119542   -0.000482031   -5.41346e-05   0.000494082   -0.000449924   0.00698468   -0.00255131   0.00612611   0.000221602   -0.000729315   0.00163434   -0.00724686   
0.565302   0.0137832   5.34913e-05   0.000434819   -0.000136332   0.000207704   0.00136813   -0.00797908   -0.0302015   -0.0191506   -8.41786e-06   -0.000675662   -0.00354076   1   0.00406699   -0.00278764   0.0083649   3.86963e-05   0.000352706   -0.000454258   -0.000520468   -0.000468379   -0.00170082   -2.09202e-05   0.000545921   0.00128105   0.0011194   0.000658444   0.000787611   0.000448416   0.000569103   -0.000485914   0.000397724   0.000475746   -0.000157772   -0.000453945   -0.00317327   -0.0025072   0.000970223   5.08303e-05   0.00169761   0.000195268   -7.44052e-05   6.49205e-06   -0.000178586   -0.000531897   -8.70539e-05   9.25573e-06   1.99649e-05   -0.000143326   -0.000203892   0.000622358   4.1364e-06   -0.000759415   -0.000119674   -3.6541e-05   6.10586e-05   -0.000165571   -0.000205965   0.000103297   -0.00181355   0.00115771   -0.00154134   -1.02194e-05   0.000267295   -0.00057565   0.00169049   
-0.00360138   0.0273055   7.18716e-05   0.000937571   -0.000161889   0.000595517   0.00199936   -0.0176575   -0.067611   -0.0428699   1.42773e-05   -0.00145884   1   -0.00354076   0.0135734   -0.00164691   0.0228799   0.000217868   0.00153645   -0.000954947   -0.00102027   -0.000988412   -0.00456316   -2.55279e-05   0.00125128   0.00291756   0.00242121   0.00136976   0.00114352   0.000826683   0.00128225   -0.000868786   0.000931317   0.00109653   -0.000322778   -0.000643814   -0.00313455   -0.00442318   0.00219714   0.000156621   0.00370899   0.000427449   -3.34926e-06   -6.95496e-05   -0.000162119   -0.000854234   -6.10896e-05   0.000218779   0.000115143   -0.000200051   -2.30751e-05   0.00132964   -6.79114e-06   -0.00135758   -0.000193884   4.55119e-05   0.000226542   -1.4498e-05   -0.000278347   0.000218902   -0.00424463   0.00153099   -0.00345384   -0.000113176   0.000462124   -0.00115171   0.00429757   
0.00232453   0.00384785   1.49153e-05   0.000179615   -4.87136e-05   6.84411e-05   0.000598907   -0.00335597   -0.0126876   -0.00804512   2.90471e-06   1   -0.00145884   -0.000675662   0.00250894   -0.000341997   0.0042924   4.45082e-05   0.000286496   -0.000180525   -0.000193351   -0.000187958   -0.000848896   2.36217e-07   0.00020093   0.00050156   0.000437021   0.000256082   0.000226398   0.00015871   0.000230374   -0.000189931   0.000177807   0.000227458   -5.75389e-05   -0.000122634   -0.000610472   -0.000924262   0.000400464   3.23412e-05   0.000531346   4.21419e-05   -7.97031e-06   -9.50981e-06   -3.00059e-05   -0.000173249   -1.01183e-05   -2.45649e-08   2.37028e-05   -3.84635e-05   -7.19537e-05   0.000247567   8.2347e-07   -0.000256805   -3.37576e-05   7.77651e-06   3.61065e-05   -1.23238e-05   -4.99162e-05   4.11348e-05   -0.000796333   0.000300351   -0.000652081   -1.85874e-05   8.69674e-05   -0.000214824   0.000828174   
3.61948e-05   -0.000161262   2.50103e-07   -6.6325e-07   6.06569e-05   -0.000207481   0.000175293   1.48532e-05   0.000182882   0.00011596   1   2.90471e-06   1.42773e-05   -8.41786e-06   -5.25428e-05   -5.31887e-05   -4.2343e-05   2.88171e-06   -7.07045e-06   9.52091e-07   1.21166e-06   5.55739e-07   1.45855e-05   2.43293e-06   3.37743e-05   3.50873e-05   7.45537e-06   2.26295e-06   -1.43049e-06   1.52013e-07   1.31088e-05   1.58154e-06   -4.23679e-08   -1.34121e-07   1.17899e-06   -2.03713e-06   -2.04024e-05   7.54533e-05   1.50562e-05   -1.26175e-06   0.000161608   4.03574e-05   6.5082e-06   3.01082e-06   1.6892e-06   9.54343e-06   1.16558e-06   3.75139e-05   1.06878e-06   -5.79383e-08   5.59574e-05   7.4664e-06   -2.90759e-07   3.2151e-06   -2.33509e-06   -2.6158e-06   2.35707e-06   1.58927e-06   -1.48556e-06   -3.67626e-06   -9.06361e-06   -8.29187e-06   6.1683e-06   7.79152e-08   2.56801e-06   1.83479e-06   0.000108775   
-0.0208874   0.109943   0.000397459   0.00519854   0.000845119   0.00831626   -0.0123369   -0.0961393   -0.386589   1   0.00011596   -0.00804512   -0.0428699   -0.0191506   0.0752694   -0.00896524   0.126716   0.001185   0.00851244   -0.00529293   -0.00566453   -0.00548297   -0.026256   -0.00016504   0.0111211   0.0217282   0.016284   0.00828514   0.00626408   0.00456996   0.00859235   -0.00196232   0.00517759   0.00396304   -0.00186673   -0.00357008   -0.0171415   -0.0160776   0.0143195   0.000862087   0.0413893   0.00691316   0.000679096   -0.000388495   -0.000891926   -0.00364202   -0.000345318   0.00566612   0.000637424   -0.00110821   0.0072153   0.0082067   -3.59742e-05   -0.00751729   -0.00104412   0.000260279   0.00183931   0.000987569   -0.00147016   0.00115522   -0.0239744   0.00838361   -0.019153   -0.000652317   0.00253787   -0.00635946   0.0213088   
-0.0329381   0.173421   0.000626839   0.00819856   0.00133388   0.0131163   -0.0194602   -0.151644   1   -0.386589   0.000182882   -0.0126876   -0.067611   -0.0302015   0.118725   -0.0141367   0.199869   0.0018692   0.0134263   -0.00834742   -0.00893347   -0.00864713   -0.0414213   -0.000260287   0.0175396   0.0342697   0.0256829   0.0130665   0.00987899   0.00720832   0.0135518   -0.00309436   0.00816622   0.00625008   -0.00294354   -0.00562971   -0.0270269   -0.0253539   0.0225839   0.00136008   0.0652744   0.0109049   0.0010716   -0.000612683   -0.00140553   -0.0057434   -0.00054334   0.00893656   0.00100495   -0.00174724   0.0113804   0.012944   -5.67207e-05   -0.0118553   -0.0016465   0.000411033   0.0029011   0.00155808   -0.00231845   0.00182225   -0.0378091   0.013222   -0.0302067   -0.00102876   0.00400274   -0.0100294   0.0336073   
-0.00769023   0.0493819   0.000165725   0.00214105   -0.000904606   -0.000119483   0.0116179   1   -0.151644   -0.0961393   1.48532e-05   -0.00335597   -0.0176575   -0.00797908   0.0309871   -0.00372209   0.0521719   0.000495608   0.00350451   -0.00217973   -0.00233268   -0.00225828   -0.0101669   -6.86163e-05   0.00157752   0.00497772   0.00468535   0.00292529   0.00264926   0.00188271   0.00249058   -0.0028561   0.0021197   0.00314556   -0.00072436   -0.00147072   -0.0071564   -0.0126739   0.00438355   0.000354325   0.00226006   -0.000391431   -0.000227784   -0.000160296   -0.000366999   -0.00227943   -0.000140911   -0.000846878   0.000262923   -0.000457461   -0.00227179   0.00278623   -1.51272e-05   -0.00310462   -0.000439969   0.000107312   0.000343001   -0.000346473   -0.000657566   0.000523928   -0.0095159   0.00351235   -0.00789442   -0.000258125   0.0010578   -0.00262087   0.010543   
-0.0033625   -0.0249072   -2.92267e-05   -0.000242806   0.00511396   0.0213385   1   0.0116179   -0.0194602   -0.0123369   0.000175293   0.000598907   0.00199936   0.00136813   -0.00352211   0.000570524   -0.00592411   -9.61829e-05   -0.00039795   0.00024628   0.000263191   0.00025653   -0.00203974   1.03799e-05   0.0139594   0.0181506   0.0091657   0.00193821   -0.000653762   -0.000218541   0.00460495   0.0104198   -0.000177001   -0.00782072   -0.000129769   0.000168983   0.00128275   0.0298187   0.00657839   -3.61029e-05   0.0690315   0.0151938   0.00241865   1.90809e-05   4.004e-05   0.00389207   9.88198e-06   0.0149739   -3.18754e-05   5.73501e-05   0.0249723   0.00245185   3.68624e-06   0.000396078   0.000100701   -1.29635e-05   0.00193615   0.00366766   0.000326367   -0.000295654   -0.000682348   -0.000697995   0.000926693   -2.52163e-05   -0.000184174   0.000305332   -0.00857499   
-0.00709808   -0.0308424   -2.91715e-06   -7.27778e-05   0.0251992   1   0.0213385   -0.000119483   0.0131163   0.00831626   -0.000207481   6.84411e-05   0.000595517   0.000207704   -0.00105565   8.76269e-05   -0.00177491   -4.51194e-06   -0.000118963   7.27953e-05   7.73476e-05   7.74199e-05   0.00105567   5.00799e-06   0.0194934   0.0253748   0.0095741   0.00350826   -1.43211e-05   -2.74195e-05   0.00766614   0.00475327   -8.4865e-05   -0.00351597   -0.000235854   4.01872e-05   8.69781e-05   0.0420207   0.0107512   -1.37544e-05   0.102599   0.0230393   0.00324726   6.55426e-06   1.19797e-05   0.00584218   6.83406e-06   0.0225957   -7.60915e-06   1.45104e-05   0.0337317   0.00432853   8.21473e-07   9.47262e-05   7.05767e-06   -4.28494e-06   0.00224627   0.00335236   0.000263252   -0.000113609   -0.000514795   -7.17213e-05   0.000257999   2.46502e-05   -2.41851e-05   0.000101261   -0.0262592   
0.00385993   0.0165503   2.18238e-06   2.00275e-05   1   0.0251992   0.00511396   -0.000904606   0.00133388   0.000845119   6.06569e-05   -4.87136e-05   -0.000161889   -0.000136332   0.00028091   -6.56319e-05   0.000471092   4.20173e-06   3.11661e-05   -1.96604e-05   -2.07347e-05   -2.14857e-05   0.00013756   -2.2892e-06   -0.0109878   -0.014372   -0.00588782   -0.00194585   5.25032e-05   2.19423e-06   -0.00421705   -0.00379391   1.45354e-05   0.00279962   0.000143693   -1.00548e-05   -8.4616e-05   -0.0232388   -0.00595655   3.24315e-06   -0.0569212   -0.0127079   -0.00183429   -2.33217e-06   -3.27952e-06   -0.00317481   -1.58716e-06   -0.0124638   2.03842e-06   -5.27924e-06   -0.0190276   -0.00239058   -9.09225e-07   -3.22758e-05   -9.08955e-06   1.3889e-06   -0.00132621   -0.00209031   -0.00015523   8.70767e-05   0.000579811   6.44548e-05   -7.45151e-05   -3.83139e-07   1.53047e-05   -3.10491e-05   -0.0542815   
0.000437565   -0.0189008   -8.76866e-06   1   2.00275e-05   -7.27778e-05   -0.000242806   0.00214105   0.00819856   0.00519854   -6.6325e-07   0.000179615   0.000937571   0.000434819   -0.00158908   0.000194782   -0.00269393   -2.20151e-05   -0.000181149   0.00011599   0.00012476   0.000122543   0.000551153   7.50047e-06   -0.000148401   -0.000351353   -0.000290422   -0.00016266   -0.000150926   -9.90145e-05   -0.000156986   0.000105814   -0.000111203   -0.000133681   4.14111e-05   8.0297e-05   0.000398015   0.000544796   -0.000262196   -1.92754e-05   -0.000463164   -4.83514e-05   1.91025e-06   9.17561e-06   2.05328e-05   0.000105338   9.93786e-06   -2.54382e-05   -1.44031e-05   2.58909e-05   3.9774e-06   -0.000159547   7.42557e-07   0.000164973   2.50072e-05   -6.42765e-06   -2.64595e-05   9.865e-07   3.43747e-05   -2.81224e-05   0.000522147   -0.000192019   0.0004183   1.32884e-05   -5.65545e-05   0.000146519   -0.000524642   
-0.0057332   -0.000197279   1   -8.76866e-06   2.18238e-06   -2.91715e-06   -2.92267e-05   0.000165725   0.000626839   0.000397459   2.50103e-07   1.49153e-05   7.18716e-05   5.34913e-05   -0.000114496   6.45861e-05   -0.000218914   9.99302e-07   -1.38824e-05   8.92197e-06   9.54866e-06   9.24713e-06   4.23244e-05   -1.27647e-07   -8.65699e-06   -2.52746e-05   -2.15522e-05   -1.34142e-05   -1.16534e-05   -7.69936e-06   -1.23219e-05   1.02469e-05   -8.40013e-06   -1.07484e-05   4.35447e-06   5.12996e-06   1.86453e-05   4.36388e-05   -2.18157e-05   -7.38876e-07   -2.13444e-05   -2.80858e-06   6.25536e-07   1.06846e-06   1.17195e-06   8.84256e-06   3.94302e-07   -8.31173e-07   -3.76349e-07   1.21958e-06   4.39144e-06   -1.0848e-05   5.06175e-07   1.14781e-05   1.29352e-06   -6.20636e-07   -2.18301e-06   -4.51266e-07   2.84274e-06   -3.09824e-06   3.72915e-05   -1.87518e-05   3.25788e-05   1.66282e-06   -4.02549e-06   1.05495e-05   -3.81711e-05   
0.0872398   1   -0.000197279   -0.0189008   0.0165503   -0.0308424   -0.0249072   0.0493819   0.173421   0.109943   -0.000161262   0.00384785   0.0273055   0.0137832   0.543657   0.00975966   0.673965   0.00039047   0.0625434   0.0192089   0.0206948   0.0199603   -0.0746344   0.000141984   -0.024126   -0.0604102   -0.0503968   -0.0325166   -0.0888536   -0.0136276   -0.028184   0.00525626   -0.00138654   -0.00604638   0.00876312   0.0217114   0.327553   0.112613   -0.0656345   -0.00626243   -0.241543   -0.0306665   0.00021242   0.00137644   0.00305533   0.0181301   -0.000253889   -0.00325929   -0.00510033   0.00136727   -0.000569619   -0.0392203   -0.0076118   0.0188999   -0.0391009   -0.00122344   -0.0038624   0.00286522   -0.0113175   -0.0209737   -0.0902181   -0.0981387   0.00777141   -0.000717538   -0.00172864   -0.0325117   0.134283   
1   0.0872398   -0.0057332   0.000437565   0.00385993   -0.00709808   -0.0033625   -0.00769023   -0.0329381   -0.0208874   3.61948e-05   0.00232453   -0.00360138   0.565302   0.00365077   0.796548   0.0073013   0.0858988   0.000290044   -0.000533725   -0.000569348   -0.000490873   -0.051929   -3.50207e-05   -0.00467572   -0.0115674   -0.0105003   -0.00561388   -0.0462764   -0.0127108   -0.00751911   -0.000668977   0.00220207   0.000497454   0.00101717   0.00082467   0.0640921   0.0295465   -0.0147884   -0.00123597   -0.0608249   -0.00975186   -0.000135177   -3.31304e-05   -0.000423598   0.00314555   -9.75754e-05   0.00110597   -0.0012707   0.00108485   0.00215275   -0.0099265   -0.00097265   0.00364002   -0.00690359   -0.000262014   -0.000917478   0.000380228   -0.00186841   -0.0175953   -0.0937363   -0.0942092   -0.0230881   -0.000151526   -0.0382137   -0.000607258   0.124961   


NLL
30934.40557

